2.214200000000000000e+04,1.020000000000000000e+02,3.112000000000000000e+03,1.000000000000000000e+00,1.796168975830078125e+02,6.676770019531250000e+02,6.842381358146667480e-01,1.865286560058593750e+02,6.561574096679687500e+02,7.331672906875610352e-01,1.711691894531250000e+02,6.561574096679687500e+02,6.683696508407592773e-01,1.949763641357421875e+02,6.630691528320312500e+02,5.809668898582458496e-01,1.611855468750000000e+02,6.599972534179687500e+02,4.833344817161560059e-01,1.965122985839843750e+02,7.030037231445312500e+02,6.809196472167968750e-01,1.688652801513671875e+02,7.045396728515625000e+02,7.347931861877441406e-01,2.011201477050781250e+02,7.229710693359375000e+02,6.799663901329040527e-01,1.596495971679687500e+02,7.137553710937500000e+02,5.116457343101501465e-01,2.026560821533203125e+02,7.260429687500000000e+02,5.407627820968627930e-01,1.719371643066406250e+02,7.030037231445312500e+02,5.111143589019775391e-01,1.903685150146484375e+02,7.490821533203125000e+02,7.557380199432373047e-01,1.765450134277343750e+02,7.490821533203125000e+02,8.028169274330139160e-01,1.857606811523437500e+02,7.798010253906250000e+02,7.441552281379699707e-01,1.796168975830078125e+02,7.798010253906250000e+02,7.582512497901916504e-01,1.796168975830078125e+02,8.074480590820312500e+02,7.305063605308532715e-01,1.796168975830078125e+02,8.089840087890625000e+02,7.863594889640808105e-01,1.811528472900390625e+02,6.845723876953125000e+02,4.144135415554046631e-01,1.826887969970703125e+02,6.891802368164062500e+02,6.184764504432678223e-01,1.842247314453125000e+02,7.460102539062500000e+02,8.621940016746520996e-01,1.796168975830078125e+02,8.212716064453125000e+02,6.013197898864746094e-01,1.888325805664062500e+02,8.243435058593750000e+02,7.459053397178649902e-01,1.888325805664062500e+02,8.212716064453125000e+02,6.587861776351928711e-01,1.780809478759765625e+02,8.228075561523437500e+02,7.684625983238220215e-01,1.765450134277343750e+02,8.105199584960937500e+02,7.145881056785583496e-01,1.780809478759765625e+02,8.151278076171875000e+02,7.075667977333068848e-01,1.537640739673436769e+02,6.661026733398437045e+02,5.505212245105485636e+01,1.629212402343749773e+02,1.000000000000000000e+00,1.000000000000000000e+00,0.000000000000000000e+00
2.214300000000000000e+04,1.020000000000000000e+02,3.112000000000000000e+03,2.000000000000000000e+00,1.779707946777343750e+02,6.932915649414062500e+02,6.208280324935913086e-01,1.795954284667968750e+02,6.900422363281250000e+02,6.641485095024108887e-01,1.747215118408203125e+02,6.916668701171875000e+02,5.757579207420349121e-01,1.828447113037109375e+02,6.900422363281250000e+02,4.851832985877990723e-01,1.730968627929687500e+02,6.916668701171875000e+02,4.887275397777557373e-01,1.633490142822265625e+02,7.079133300781250000e+02,4.903740882873535156e-01,1.682229461669921875e+02,7.062886962890625000e+02,5.405579209327697754e-01,1.617243804931640625e+02,7.209104614257812500e+02,4.917826056480407715e-01,1.942172088623046875e+02,7.241597290039062500e+02,3.811410069465637207e-01,1.990911254882812500e+02,7.225350952148437500e+02,3.090107142925262451e-01,1.958418426513671875e+02,7.241597290039062500e+02,6.125581860542297363e-01,1.730968627929687500e+02,7.517786254882812500e+02,6.053884625434875488e-01,1.812200775146484375e+02,7.517786254882812500e+02,6.703106760978698730e-01,1.747215118408203125e+02,7.826467895507812500e+02,8.104053139686584473e-01,1.795954284667968750e+02,7.826467895507812500e+02,8.251906633377075195e-01,1.730968627929687500e+02,8.070164184570312500e+02,7.716805934906005859e-01,1.795954284667968750e+02,8.118903808593750000e+02,7.338265180587768555e-01,1.763461456298828125e+02,6.867929687500000000e+02,8.075404763221740723e-01,1.763461456298828125e+02,6.965408325195312500e+02,6.912621855735778809e-01,1.779707946777343750e+02,7.485293579101562500e+02,8.422079682350158691e-01,1.714722290039062500e+02,8.183889160156250000e+02,7.585207819938659668e-01,1.860939941406250000e+02,8.216381835937500000e+02,8.947063684463500977e-01,1.730968627929687500e+02,8.183889160156250000e+02,7.127725481986999512e-01,1.828447113037109375e+02,8.232628784179687500e+02,9.020795226097106934e-01,1.698475799560546875e+02,8.118903808593750000e+02,7.862873077392578125e-01,1.779707946777343750e+02,8.183889160156250000e+02,6.717776656150817871e-01,1.513607349351745484e+02,6.674523975711258572e+02,5.583523103885386263e+01,1.656832727066471307e+02,1.000000000000000000e+00,1.000000000000000000e+00,0.000000000000000000e+00
2.214400000000000000e+04,1.020000000000000000e+02,3.115000000000000000e+03,3.000000000000000000e+00,1.768088836669921875e+02,6.671065673828125000e+02,8.973981738090515137e-01,1.853539428710937500e+02,6.568524780273437500e+02,9.107567071914672852e-01,1.682638244628906250e+02,6.551434936523437500e+02,9.674691557884216309e-01,1.921900024414062500e+02,6.619795532226562500e+02,8.850931525230407715e-01,1.563007354736328125e+02,6.602705078125000000e+02,8.231169581413269043e-01,1.921900024414062500e+02,7.012868041992187500e+02,7.511198520660400391e-01,1.614277801513671875e+02,6.978687744140625000e+02,6.041015386581420898e-01,1.938990173339843750e+02,7.286309814453125000e+02,6.330509781837463379e-01,1.545917205810546875e+02,7.183769531250000000e+02,5.333867073059082031e-01,1.819359283447265625e+02,7.098318481445312500e+02,4.322148263454437256e-01,1.563007354736328125e+02,7.115408935546875000e+02,6.633360981941223145e-01,1.836449432373046875e+02,7.525571899414062500e+02,7.526727914810180664e-01,1.699728393554687500e+02,7.525571899414062500e+02,6.925670504570007324e-01,1.785178985595703125e+02,7.799013671875000000e+02,7.481019496917724609e-01,1.716818542480468750e+02,7.816104125976562500e+02,7.421250343322753906e-01,1.733908691406250000e+02,8.055365600585937500e+02,8.991895914077758789e-01,1.733908691406250000e+02,8.055365600585937500e+02,8.352189064025878906e-01,1.750998687744140625e+02,6.346353149414062500e+02,7.367402911186218262e-01,1.750998687744140625e+02,6.841966552734375000e+02,8.432235717773437500e-01,1.768088836669921875e+02,7.491391601562500000e+02,8.094444870948791504e-01,1.682638244628906250e+02,8.209176635742187500e+02,6.363050937652587891e-01,1.836449432373046875e+02,8.226267089843750000e+02,8.619496226310729980e-01,1.802269134521484375e+02,8.192086791992187500e+02,5.668933987617492676e-01,1.768088836669921875e+02,8.226267089843750000e+02,8.415026068687438965e-01,1.699728393554687500e+02,8.072455444335937500e+02,8.190732598304748535e-01,1.750998687744140625e+02,8.072455444335937500e+02,8.683524727821350098e-01,1.498743097908854622e+02,6.516030918409057904e+02,5.852716820165358058e+01,1.733051138881004363e+02,1.000000000000000000e+00,1.000000000000000000e+00,0.000000000000000000e+00
2.214500000000000000e+04,1.020000000000000000e+02,3.108000000000000000e+03,4.000000000000000000e+00,1.727779541015625000e+02,6.903073120117187500e+02,4.668868780136108398e-01,1.744028778076171875e+02,6.903073120117187500e+02,6.308880448341369629e-01,1.727779541015625000e+02,6.903073120117187500e+02,4.522624611854553223e-01,1.711530151367187500e+02,6.919322509765625000e+02,4.032074213027954102e-01,1.776527252197265625e+02,6.919322509765625000e+02,4.152371883392333984e-01,1.597785491943359375e+02,7.098063964843750000e+02,6.760214567184448242e-01,1.825274963378906250e+02,7.098063964843750000e+02,5.652384757995605469e-01,1.565287017822265625e+02,7.260556640625000000e+02,5.802239179611206055e-01,1.890271911621093750e+02,7.309304199218750000e+02,6.716150641441345215e-01,1.679031677246093750e+02,7.081815185546875000e+02,2.623943090438842773e-01,1.890271911621093750e+02,7.244307250976562500e+02,5.577641129493713379e-01,1.646533203125000000e+02,7.536793823242187500e+02,7.432091832160949707e-01,1.776527252197265625e+02,7.536793823242187500e+02,7.955083250999450684e-01,1.662782440185546875e+02,7.813031005859375000e+02,7.942385077476501465e-01,1.744028778076171875e+02,7.829280395507812500e+02,7.926323413848876953e-01,1.662782440185546875e+02,8.056770019531250000e+02,7.932144403457641602e-01,1.727779541015625000e+02,8.073019409179687500e+02,7.073140740394592285e-01,1.727779541015625000e+02,6.886823730468750000e+02,7.736683487892150879e-01,1.744028778076171875e+02,6.968070068359375000e+02,6.420769095420837402e-01,1.727779541015625000e+02,7.504295654296875000e+02,8.247258663177490234e-01,1.646533203125000000e+02,8.203013305664062500e+02,7.611476182937622070e-01,1.776527252197265625e+02,8.251760864257812500e+02,7.738893032073974609e-01,1.662782440185546875e+02,8.203013305664062500e+02,7.016172409057617188e-01,1.760278015136718750e+02,8.251760864257812500e+02,7.075179219245910645e-01,1.646533203125000000e+02,8.073019409179687500e+02,7.274789214134216309e-01,1.711530151367187500e+02,8.121766967773437500e+02,7.205317616462707520e-01,1.452571346232469693e+02,6.621217216501868279e+02,5.682118560176556343e+01,1.692383748543066986e+02,1.000000000000000000e+00,1.000000000000000000e+00,0.000000000000000000e+00
2.214600000000000000e+04,1.020000000000000000e+02,3.108000000000000000e+03,5.000000000000000000e+00,1.737911071777343750e+02,6.656970825195312500e+02,7.046116590499877930e-01,1.807521057128906250e+02,6.569958496093750000e+02,7.400804758071899414e-01,1.650898742675781250e+02,6.552555541992187500e+02,7.081295251846313477e-01,1.894533386230468750e+02,6.622165527343750000e+02,6.473499536514282227e-01,1.563886260986328125e+02,6.604763183593750000e+02,4.659743607044219971e-01,1.877131042480468750e+02,7.005020141601562500e+02,6.243626475334167480e-01,1.598691253662109375e+02,7.022422485351562500e+02,6.694021821022033691e-01,1.877131042480468750e+02,7.231252441406250000e+02,7.553193569183349609e-01,1.563886260986328125e+02,7.196447753906250000e+02,6.198643445968627930e-01,1.755313568115234375e+02,7.074630126953125000e+02,2.843016088008880615e-01,1.633496246337890625e+02,7.022422485351562500e+02,6.237067580223083496e-01,1.755313568115234375e+02,7.527094726562500000e+02,8.062938451766967773e-01,1.650898742675781250e+02,7.527094726562500000e+02,8.332888484001159668e-01,1.703106079101562500e+02,7.822937011718750000e+02,8.144017457962036133e-01,1.668301239013671875e+02,7.840339355468750000e+02,8.053572177886962891e-01,1.633496246337890625e+02,8.066571655273437500e+02,7.323012948036193848e-01,1.685703582763671875e+02,8.118779296875000000e+02,6.846271753311157227e-01,1.711807403564453125e+02,6.439439697265625000e+02,2.260660082101821899e-01,1.737911071777343750e+02,6.830995483398437500e+02,5.934731960296630859e-01,1.703106079101562500e+02,7.509692382812500000e+02,8.617553710937500000e-01,1.598691253662109375e+02,8.223193969726562500e+02,9.100379347801208496e-01,1.755313568115234375e+02,8.257999267578125000e+02,7.914375662803649902e-01,1.616093750000000000e+02,8.205791625976562500e+02,8.036724925041198730e-01,1.737911071777343750e+02,8.257999267578125000e+02,7.554339766502380371e-01,1.598691253662109375e+02,8.083973999023437500e+02,8.744263648986816406e-01,1.685703582763671875e+02,8.170986938476562500e+02,7.611435055732727051e-01,1.394259865118163475e+02,6.622987244431170666e+02,5.859956422061316061e+01,1.761874364024030228e+02,1.000000000000000000e+00,1.000000000000000000e+00,0.000000000000000000e+00
2.214700000000000000e+04,1.020000000000000000e+02,3.109000000000000000e+03,6.000000000000000000e+00,1.733616943359375000e+02,6.665067749023437500e+02,8.445277214050292969e-01,1.805341033935546875e+02,6.557481689453125000e+02,8.612614870071411133e-01,1.626030731201171875e+02,6.557481689453125000e+02,8.652544617652893066e-01,1.894996185302734375e+02,6.611274414062500000e+02,8.004822134971618652e-01,1.482582397460937500e+02,6.593343505859375000e+02,6.936826109886169434e-01,1.877065124511718750e+02,7.005757446289062500e+02,5.724470615386962891e-01,1.536375579833984375e+02,7.023688354492187500e+02,6.083881855010986328e-01,1.877065124511718750e+02,7.274722900390625000e+02,5.461715459823608398e-01,1.482582397460937500e+02,7.256791992187500000e+02,4.038991332054138184e-01,2.002582397460937500e+02,7.274722900390625000e+02,2.561810314655303955e-01,1.787409973144531250e+02,7.202998657226562500e+02,3.332136571407318115e-01,1.733616943359375000e+02,7.561619873046875000e+02,6.297045946121215820e-01,1.608099670410156250e+02,7.561619873046875000e+02,6.577309370040893555e-01,1.661892700195312500e+02,7.848516235351562500e+02,6.048011183738708496e-01,1.626030731201171875e+02,7.866447143554687500e+02,5.943979024887084961e-01,1.590168609619140625e+02,8.063688354492187500e+02,7.195200324058532715e-01,1.643961791992187500e+02,8.081619873046875000e+02,6.214500665664672852e-01,1.688789367675781250e+02,6.369205932617187500e+02,2.897652089595794678e-01,1.715685882568359375e+02,6.808516235351562500e+02,7.243109941482543945e-01,1.661892700195312500e+02,7.525757446289062500e+02,6.870368719100952148e-01,1.554306488037109375e+02,8.242998657226562500e+02,8.800873756408691406e-01,1.733616943359375000e+02,8.278861083984375000e+02,8.796657919883728027e-01,1.590168609619140625e+02,8.242998657226562500e+02,7.520102858543395996e-01,1.715685882568359375e+02,8.278861083984375000e+02,8.252003788948059082e-01,1.572237548828125000e+02,8.081619873046875000e+02,7.919872403144836426e-01,1.643961791992187500e+02,8.135412597656250000e+02,6.235148906707763672e-01,1.356017979623626672e+02,6.603961999116447714e+02,5.973339376940191414e+01,1.822144736732426509e+02,1.000000000000000000e+00,1.000000000000000000e+00,0.000000000000000000e+00
2.214800000000000000e+04,1.020000000000000000e+02,3.109000000000000000e+03,7.000000000000000000e+00,1.696943969726562500e+02,6.660020751953125000e+02,6.540487408638000488e-01,1.783125762939453125e+02,6.556602783203125000e+02,6.900631189346313477e-01,1.610762176513671875e+02,6.556602783203125000e+02,7.099807858467102051e-01,1.869307403564453125e+02,6.625548095703125000e+02,5.624647736549377441e-01,1.472871398925781250e+02,6.591075439453125000e+02,3.835625946521759033e-01,1.748652954101562500e+02,7.021984252929687500e+02,3.200879096984863281e-01,1.576289520263671875e+02,7.056456909179687500e+02,4.546327292919158936e-01,1.800362091064453125e+02,7.263292846679687500e+02,3.743136227130889893e-01,1.507344055175781250e+02,7.228820190429687500e+02,3.783184885978698730e-01,1.817598419189453125e+02,7.280529174804687500e+02,2.309091240167617798e-01,1.800362091064453125e+02,7.263292846679687500e+02,4.143970310688018799e-01,1.627998504638671875e+02,7.539074707031250000e+02,6.066004037857055664e-01,1.593525848388671875e+02,7.556311035156250000e+02,6.778333187103271484e-01,1.593525848388671875e+02,7.849329223632812500e+02,6.570733189582824707e-01,1.593525848388671875e+02,7.866565551757812500e+02,7.175257802009582520e-01,1.541816711425781250e+02,8.073401489257812500e+02,7.679873108863830566e-01,1.645234832763671875e+02,8.176820068359375000e+02,6.441715359687805176e-01,1.662471160888671875e+02,6.849620361328125000e+02,2.281336188316345215e-01,1.714180297851562500e+02,6.815147705078125000e+02,4.136723279953002930e-01,1.627998504638671875e+02,7.521838378906250000e+02,7.926712036132812500e-01,1.524580383300781250e+02,8.245765380859375000e+02,8.962293267250061035e-01,1.696943969726562500e+02,8.280238037109375000e+02,8.271957039833068848e-01,1.524580383300781250e+02,8.245765380859375000e+02,8.172102570533752441e-01,1.662471160888671875e+02,8.280238037109375000e+02,7.926843762397766113e-01,1.524580383300781250e+02,8.073401489257812500e+02,8.468440771102905273e-01,1.645234832763671875e+02,8.194056396484375000e+02,7.417768239974975586e-01,1.330953273868182976e+02,6.642335143122154477e+02,5.806606034628126167e+01,1.794763275097592441e+02,1.000000000000000000e+00,1.000000000000000000e+00,0.000000000000000000e+00
2.214900000000000000e+04,1.020000000000000000e+02,3.117000000000000000e+03,8.000000000000000000e+00,1.628879852294921875e+02,6.969538574218750000e+02,5.259027481079101562e-01,1.613784637451171875e+02,6.939348144531250000e+02,6.424171924591064453e-01,1.598689270019531250e+02,6.954443359375000000e+02,5.938061475753784180e-01,1.538308258056640625e+02,6.984633789062500000e+02,5.231488347053527832e-01,1.568498687744140625e+02,6.969538574218750000e+02,5.733134746551513672e-01,1.477927093505859375e+02,7.120491333007812500e+02,5.888437628746032715e-01,1.583594055175781250e+02,7.135586547851562500e+02,4.918198883533477783e-01,1.493022308349609375e+02,7.286539306640625000e+02,3.601253926753997803e-01,1.689261016845703125e+02,7.301634521484375000e+02,5.958348512649536133e-01,1.734546813964843750e+02,7.301634521484375000e+02,4.554879367351531982e-01,1.734546813964843750e+02,7.286539306640625000e+02,4.435960948467254639e-01,1.568498687744140625e+02,7.558254394531250000e+02,6.252378225326538086e-01,1.598689270019531250e+02,7.558254394531250000e+02,7.125023007392883301e-01,1.568498687744140625e+02,7.875255126953125000e+02,7.269350886344909668e-01,1.583594055175781250e+02,7.890350341796875000e+02,8.026183843612670898e-01,1.493022308349609375e+02,8.116779785156250000e+02,6.819635629653930664e-01,1.598689270019531250e+02,8.192255859375000000e+02,6.944458484649658203e-01,1.583594055175781250e+02,6.894061889648437500e+02,9.174776673316955566e-01,1.568498687744140625e+02,7.045014648437500000e+02,7.390568256378173828e-01,1.583594055175781250e+02,7.528063964843750000e+02,7.694137096405029297e-01,1.523212890625000000e+02,8.252637329101562500e+02,7.329997420310974121e-01,1.598689270019531250e+02,8.282827758789062500e+02,6.147397756576538086e-01,1.659070434570312500e+02,8.313018188476562500e+02,6.210750937461853027e-01,1.583594055175781250e+02,8.282827758789062500e+02,5.652387142181396484e-01,1.477927093505859375e+02,8.101684570312500000e+02,4.496868252754211426e-01,1.568498687744140625e+02,8.222446289062500000e+02,4.811364114284515381e-01,1.327445572014132722e+02,6.754651739745752366e+02,5.274245079490813737e+01,1.633088468528142130e+02,1.000000000000000000e+00,1.000000000000000000e+00,0.000000000000000000e+00
2.215000000000000000e+04,1.020000000000000000e+02,3.112000000000000000e+03,9.000000000000000000e+00,1.598876190185546875e+02,6.967001953125000000e+02,5.784939527511596680e-01,1.568870086669921875e+02,6.936995849609375000e+02,6.714521646499633789e-01,1.553866882324218750e+02,6.951998901367187500e+02,6.021760702133178711e-01,1.463848266601562500e+02,6.967001953125000000e+02,6.495941281318664551e-01,1.553866882324218750e+02,6.967001953125000000e+02,7.359220981597900391e-01,1.433842010498046875e+02,7.117033081054687500e+02,6.997000575065612793e-01,1.598876190185546875e+02,7.147039184570312500e+02,5.856770277023315430e-01,1.418838806152343750e+02,7.327077026367187500e+02,5.057501196861267090e-01,1.673891906738281250e+02,7.342080078125000000e+02,7.533972263336181641e-01,1.673891906738281250e+02,7.312073974609375000e+02,2.057717293500900269e-01,1.733904266357421875e+02,7.522117309570312500e+02,7.298030257225036621e-01,1.478851318359375000e+02,7.552123413085937500e+02,6.747450828552246094e-01,1.583873138427734375e+02,7.567126464843750000e+02,7.265224456787109375e-01,1.493854522705078125e+02,7.867188720703125000e+02,7.126174569129943848e-01,1.553866882324218750e+02,7.882192382812500000e+02,7.279104590415954590e-01,1.508857574462890625e+02,8.152247924804687500e+02,4.248344898223876953e-01,1.463848266601562500e+02,8.137244873046875000e+02,5.553641915321350098e-01,1.538863830566406250e+02,6.891986694335937500e+02,8.668198585510253906e-01,1.523860626220703125e+02,7.042017822265625000e+02,7.538735866546630859e-01,1.538863830566406250e+02,7.522117309570312500e+02,7.240514159202575684e-01,1.613879394531250000e+02,8.302279052734375000e+02,9.126485586166381836e-01,1.448845062255859375e+02,8.257269897460937500e+02,9.793037772178649902e-01,1.613879394531250000e+02,8.317282714843750000e+02,8.028851151466369629e-01,1.448845062255859375e+02,8.242266845703125000e+02,8.765994906425476074e-01,1.553866882324218750e+02,8.242266845703125000e+02,5.425833463668823242e-01,1.433842010498046875e+02,8.137244873046875000e+02,6.844257712364196777e-01,1.298959204436585821e+02,6.806394573518899733e+02,5.035744106505518403e+01,1.563837356147038236e+02,1.000000000000000000e+00,1.000000000000000000e+00,0.000000000000000000e+00
2.215100000000000000e+04,1.020000000000000000e+02,3.112000000000000000e+03,1.000000000000000000e+01,1.507182159423828125e+02,6.976716918945312500e+02,7.197303175926208496e-01,1.522949523925781250e+02,6.945182495117187500e+02,7.764121294021606445e-01,1.491414947509765625e+02,6.945182495117187500e+02,7.358776330947875977e-01,1.507182159423828125e+02,6.960949707031250000e+02,5.740712881088256836e-01,1.475647583007812500e+02,6.976716918945312500e+02,6.537411808967590332e-01,1.396810913085937500e+02,7.102855834960937500e+02,7.338355183601379395e-01,1.554484252929687500e+02,7.134390258789062500e+02,6.494664549827575684e-01,1.349508972167968750e+02,7.323598022460937500e+02,6.170801520347595215e-01,1.649088134765625000e+02,7.339365844726562500e+02,7.398189306259155273e-01,1.459880218505859375e+02,7.386667480468750000e+02,2.830409109592437744e-01,1.712157440185546875e+02,7.528573608398437500e+02,7.700141668319702148e-01,1.444112854003906250e+02,7.544340820312500000e+02,6.765307784080505371e-01,1.554484252929687500e+02,7.544340820312500000e+02,7.745144963264465332e-01,1.475647583007812500e+02,7.875454711914062500e+02,7.362924218177795410e-01,1.522949523925781250e+02,7.875454711914062500e+02,7.430617213249206543e-01,1.444112854003906250e+02,8.127731933593750000e+02,4.536849558353424072e-01,1.444112854003906250e+02,8.111964721679687500e+02,4.360936582088470459e-01,1.491414947509765625e+02,6.882113037109375000e+02,8.348843455314636230e-01,1.491414947509765625e+02,7.039786376953125000e+02,8.278213143348693848e-01,1.507182159423828125e+02,7.512806396484375000e+02,8.017970323562622070e-01,1.570251464843750000e+02,8.301172485351562500e+02,8.752702474594116211e-01,1.412578277587890625e+02,8.253870239257812500e+02,8.787028789520263672e-01,1.586018829345703125e+02,8.301172485351562500e+02,7.448439002037048340e-01,1.396810913085937500e+02,8.253870239257812500e+02,8.111025691032409668e-01,1.522949523925781250e+02,8.269638061523437500e+02,6.222860217094421387e-01,1.396810913085937500e+02,8.111964721679687500e+02,5.877138972282409668e-01,1.250412752560199863e+02,6.792281508122147216e+02,5.098382343623444513e+01,1.594603892470119035e+02,1.000000000000000000e+00,1.000000000000000000e+00,0.000000000000000000e+00
2.215200000000000000e+04,1.020000000000000000e+02,3.112000000000000000e+03,1.100000000000000000e+01,1.520220642089843750e+02,6.951292114257812500e+02,6.178281307220458984e-01,1.489776458740234375e+02,6.920847778320312500e+02,6.579201221466064453e-01,1.489776458740234375e+02,6.936069946289062500e+02,6.653442978858947754e-01,1.398443908691406250e+02,6.981736450195312500e+02,6.752260327339172363e-01,1.474554290771484375e+02,6.966514282226562500e+02,7.455143332481384277e-01,1.352777557373046875e+02,7.133957519531250000e+02,6.880885958671569824e-01,1.535442657470703125e+02,7.164401245117187500e+02,6.754534244537353516e-01,1.337555541992187500e+02,7.347066650390625000e+02,6.492083072662353516e-01,1.626775207519531250e+02,7.347066650390625000e+02,7.457064390182495117e-01,1.459332275390625000e+02,7.377510986328125000e+02,1.646918803453445435e-01,1.687663574218750000e+02,7.529731445312500000e+02,7.722938656806945801e-01,1.398443908691406250e+02,7.560175781250000000e+02,7.383238673210144043e-01,1.520220642089843750e+02,7.575397949218750000e+02,7.554716467857360840e-01,1.444110107421875000e+02,7.879840087890625000e+02,7.793495655059814453e-01,1.489776458740234375e+02,7.895061645507812500e+02,7.670599222183227539e-01,1.474554290771484375e+02,8.199503784179687500e+02,4.532272815704345703e-01,1.398443908691406250e+02,8.153837280273437500e+02,6.011842489242553711e-01,1.459332275390625000e+02,6.875181884765625000e+02,8.306062221527099609e-01,1.444110107421875000e+02,7.027402954101562500e+02,7.646521329879760742e-01,1.474554290771484375e+02,7.544953613281250000e+02,7.712182402610778809e-01,1.520220642089843750e+02,8.290836181640625000e+02,8.320708870887756348e-01,1.383221740722656250e+02,8.245170288085937500e+02,8.939329385757446289e-01,1.520220642089843750e+02,8.306058349609375000e+02,7.115703821182250977e-01,1.383221740722656250e+02,8.245170288085937500e+02,7.870338559150695801e-01,1.489776458740234375e+02,8.260391845703125000e+02,6.349154114723205566e-01,1.352777557373046875e+02,8.138615112304687500e+02,7.070849537849426270e-01,1.228231907206996851e+02,6.805203243050782476e+02,5.009256040507069940e+01,1.567952704407149440e+02,1.000000000000000000e+00,1.000000000000000000e+00,0.000000000000000000e+00
2.215300000000000000e+04,1.020000000000000000e+02,3.108000000000000000e+03,1.200000000000000000e+01,1.444352874755859375e+02,6.953121948242187500e+02,7.007704377174377441e-01,1.444352874755859375e+02,6.924329833984375000e+02,8.138413429260253906e-01,1.415560455322265625e+02,6.924329833984375000e+02,7.776696681976318359e-01,1.444352874755859375e+02,6.953121948242187500e+02,5.494294762611389160e-01,1.386767883300781250e+02,6.953121948242187500e+02,6.824030876159667969e-01,1.357975311279296875e+02,7.097084960937500000e+02,6.578516960144042969e-01,1.458749237060546875e+02,7.111480712890625000e+02,5.937639474868774414e-01,1.300390319824218750e+02,7.313028564453125000e+02,4.001874327659606934e-01,1.588315582275390625e+02,7.327424926757812500e+02,5.962717533111572266e-01,1.631504364013671875e+02,7.485783691406250000e+02,3.977378606796264648e-01,1.645900573730468750e+02,7.514576416015625000e+02,7.868599295616149902e-01,1.401164093017578125e+02,7.528972778320312500e+02,6.213812828063964844e-01,1.473145446777343750e+02,7.543368530273437500e+02,6.786342859268188477e-01,1.415560455322265625e+02,7.845690307617187500e+02,6.953938603401184082e-01,1.473145446777343750e+02,7.860086669921875000e+02,7.120733857154846191e-01,1.429956665039062500e+02,8.219993286132812500e+02,4.870435893535614014e-01,1.372371673583984375e+02,8.119219360351562500e+02,6.363810300827026367e-01,1.415560455322265625e+02,6.866744384765625000e+02,8.057035803794860840e-01,1.429956665039062500e+02,7.010707397460937500e+02,7.961205840110778809e-01,1.429956665039062500e+02,7.514576416015625000e+02,7.254496812820434570e-01,1.473145446777343750e+02,8.306370849609375000e+02,8.537467122077941895e-01,1.343579101562500000e+02,8.234389038085937500e+02,7.847370505332946777e-01,1.487541656494140625e+02,8.306370849609375000e+02,7.974088788032531738e-01,1.329182891845703125e+02,8.234389038085937500e+02,7.442190647125244141e-01,1.429956665039062500e+02,8.291974487304687500e+02,7.550783157348632812e-01,1.343579101562500000e+02,8.119219360351562500e+02,6.842934489250183105e-01,1.209290408662811416e+02,6.806088927580829022e+02,4.808911784912963583e+01,1.500979443721408870e+02,1.000000000000000000e+00,3.000000000000000000e+00,0.000000000000000000e+00
2.215400000000000000e+04,1.020000000000000000e+02,3.108000000000000000e+03,1.300000000000000000e+01,1.427402343750000000e+02,6.934032592773437500e+02,6.440956592559814453e-01,1.412180786132812500e+02,6.903589477539062500e+02,7.505773305892944336e-01,1.396959381103515625e+02,6.918811035156250000e+02,7.144458293914794922e-01,1.336073455810546875e+02,6.964475097656250000e+02,5.535158514976501465e-01,1.396959381103515625e+02,6.964475097656250000e+02,6.516919732093811035e-01,1.290408935546875000e+02,7.101468505859375000e+02,6.049879789352416992e-01,1.427402343750000000e+02,7.116690063476562500e+02,5.570307374000549316e-01,1.259965972900390625e+02,7.314569702148437500e+02,3.993550240993499756e-01,1.549174194335937500e+02,7.329790649414062500e+02,6.393455266952514648e-01,1.594838562011718750e+02,7.512448730468750000e+02,3.171215057373046875e-01,1.625281524658203125e+02,7.527670288085937500e+02,7.614187002182006836e-01,1.351294860839843750e+02,7.542891845703125000e+02,6.480944156646728516e-01,1.457845306396484375e+02,7.542891845703125000e+02,6.790532469749450684e-01,1.336073455810546875e+02,7.832099609375000000e+02,7.445865869522094727e-01,1.427402343750000000e+02,7.847321166992187500e+02,7.551846504211425781e-01,1.336073455810546875e+02,8.090864868164062500e+02,5.804994702339172363e-01,1.381737823486328125e+02,8.182193603515625000e+02,6.099171638488769531e-01,1.396959381103515625e+02,6.873146362304687500e+02,8.266301155090332031e-01,1.381737823486328125e+02,7.010139770507812500e+02,7.488765120506286621e-01,1.412180786132812500e+02,7.512448730468750000e+02,6.945868730545043945e-01,1.442623748779296875e+02,8.303965454101562500e+02,6.495996713638305664e-01,1.396959381103515625e+02,8.319187011718750000e+02,6.258141398429870605e-01,1.396959381103515625e+02,8.303965454101562500e+02,5.548657774925231934e-01,1.427402343750000000e+02,8.303965454101562500e+02,6.660317778587341309e-01,1.336073455810546875e+02,8.151751098632812500e+02,5.256581902503967285e-01,1.366516418457031250e+02,8.258301391601562500e+02,6.233990788459777832e-01,1.172866875848696253e+02,6.796845588006556227e+02,4.923973215779379586e+01,1.534829702612227038e+02,1.000000000000000000e+00,3.000000000000000000e+00,0.000000000000000000e+00
2.215500000000000000e+04,1.020000000000000000e+02,3.108000000000000000e+03,1.400000000000000000e+01,1.386537628173828125e+02,6.973079833984375000e+02,7.755646705627441406e-01,1.386537628173828125e+02,6.939807739257812500e+02,8.995909094810485840e-01,1.353265838623046875e+02,6.939807739257812500e+02,8.106267452239990234e-01,1.403173675537109375e+02,6.956443481445312500e+02,7.377074360847473145e-01,1.336629943847656250e+02,6.973079833984375000e+02,7.708119750022888184e-01,1.303358001708984375e+02,7.106166992187500000e+02,6.601846218109130859e-01,1.353265838623046875e+02,7.122802734375000000e+02,6.452461481094360352e-01,1.253450241088867188e+02,7.305798339843750000e+02,4.107488095760345459e-01,1.486353302001953125e+02,7.305798339843750000e+02,5.669263005256652832e-01,1.552897033691406250e+02,7.455521850585937500e+02,4.922787249088287354e-01,1.569532928466796875e+02,7.505429687500000000e+02,7.151728272438049316e-01,1.336629943847656250e+02,7.538701171875000000e+02,7.279691100120544434e-01,1.403173675537109375e+02,7.538701171875000000e+02,7.361462116241455078e-01,1.319993896484375000e+02,7.838148193359375000e+02,7.849369645118713379e-01,1.386537628173828125e+02,7.854783935546875000e+02,8.143994212150573730e-01,1.303358001708984375e+02,8.071051025390625000e+02,7.692172527313232422e-01,1.353265838623046875e+02,8.204138793945312500e+02,6.160451769828796387e-01,1.353265838623046875e+02,6.889899902343750000e+02,9.734693765640258789e-01,1.353265838623046875e+02,7.022987670898437500e+02,8.920197486877441406e-01,1.369901733398437500e+02,7.522065429687500000e+02,7.990211248397827148e-01,1.353265838623046875e+02,8.287318115234375000e+02,7.790727615356445312e-01,1.353265838623046875e+02,8.320590209960937500e+02,8.158621788024902344e-01,1.303358001708984375e+02,8.270682373046875000e+02,8.311717510223388672e-01,1.386537628173828125e+02,8.320590209960937500e+02,8.825186491012573242e-01,1.270086135864257812e+02,8.104323120117187500e+02,7.349029183387756348e-01,1.336629943847656250e+02,8.270682373046875000e+02,6.494971513748168945e-01,1.131698173179030675e+02,6.754576017378365123e+02,5.211378402464936244e+01,1.644087036845338616e+02,1.000000000000000000e+00,3.000000000000000000e+00,0.000000000000000000e+00
2.215600000000000000e+04,1.020000000000000000e+02,3.108000000000000000e+03,1.500000000000000000e+01,1.340679626464843750e+02,6.912048950195312500e+02,8.770946860313415527e-01,1.356280364990234375e+02,6.880847167968750000e+02,9.466989636421203613e-01,1.309477996826171875e+02,6.896448364257812500e+02,8.858069777488708496e-01,1.403082733154296875e+02,6.912048950195312500e+02,7.808304429054260254e-01,1.278276443481445312e+02,6.927650146484375000e+02,8.677462935447692871e-01,1.356280364990234375e+02,7.068056640625000000e+02,6.038607358932495117e-01,1.262675704956054688e+02,7.099258422851562500e+02,7.568831443786621094e-01,1.418683624267578125e+02,7.286467895507812500e+02,4.538355171680450439e-01,1.247074890136718750e+02,7.317669677734375000e+02,6.181877851486206055e-01,1.512288360595703125e+02,7.473677368164062500e+02,4.031600058078765869e-01,1.465485992431640625e+02,7.255266113281250000e+02,5.607368946075439453e-01,1.340679626464843750e+02,7.551681518554687500e+02,6.982342600822448730e-01,1.340679626464843750e+02,7.551681518554687500e+02,7.787246108055114746e-01,1.340679626464843750e+02,7.879298095703125000e+02,7.832463383674621582e-01,1.340679626464843750e+02,7.894898681640625000e+02,8.233754038810729980e-01,1.262675704956054688e+02,8.113309936523437500e+02,7.397782802581787109e-01,1.309477996826171875e+02,8.238116455078125000e+02,8.153265118598937988e-01,1.325078887939453125e+02,6.818444213867187500e+02,8.411673903465270996e-01,1.325078887939453125e+02,7.005653686523437500e+02,8.540631532669067383e-01,1.340679626464843750e+02,7.536080322265625000e+02,8.585165143013000488e-01,1.293877258300781250e+02,8.269317626953125000e+02,7.249376177787780762e-01,1.371881256103515625e+02,8.316119995117187500e+02,9.212105274200439453e-01,1.309477996826171875e+02,8.253717041015625000e+02,7.282727360725402832e-01,1.356280364990234375e+02,8.316119995117187500e+02,9.220334887504577637e-01,1.231474075317382812e+02,8.113309936523437500e+02,6.542561650276184082e-01,1.293877258300781250e+02,8.316119995117187500e+02,8.344302773475646973e-01,1.108425900392169865e+02,6.790220528582992756e+02,5.091048844916190319e+01,1.615528867700090814e+02,1.000000000000000000e+00,3.000000000000000000e+00,0.000000000000000000e+00
2.215700000000000000e+04,1.020000000000000000e+02,3.108000000000000000e+03,1.600000000000000000e+01,1.325527954101562500e+02,6.937327880859375000e+02,6.675835847854614258e-01,1.325527954101562500e+02,6.895823364257812500e+02,7.766655683517456055e-01,1.297858276367187500e+02,6.909658203125000000e+02,6.959417462348937988e-01,1.214848861694335938e+02,6.937327880859375000e+02,6.187368631362915039e-01,1.325527954101562500e+02,6.937327880859375000e+02,6.744129061698913574e-01,1.159509277343750000e+02,7.103346557617187500e+02,7.825614213943481445e-01,1.353197784423828125e+02,7.103346557617187500e+02,7.493276000022888184e-01,1.145674438476562500e+02,7.324705200195312500e+02,7.168776988983154297e-01,1.450041961669921875e+02,7.310870361328125000e+02,7.305241823196411133e-01,1.228683776855468750e+02,7.421549072265625000e+02,1.990631669759750366e-01,1.505381469726562500e+02,7.504558715820312500e+02,8.185456395149230957e-01,1.228683776855468750e+02,7.546063232421875000e+02,7.041568756103515625e-01,1.353197784423828125e+02,7.546063232421875000e+02,7.997146248817443848e-01,1.284023284912109375e+02,7.878100585937500000e+02,7.484664916992187500e-01,1.367032623291015625e+02,7.878100585937500000e+02,7.415803670883178711e-01,1.284023284912109375e+02,8.196303100585937500e+02,5.883167386054992676e-01,1.256353530883789062e+02,8.154798583984375000e+02,6.628075242042541504e-01,1.297858276367187500e+02,6.854318847656250000e+02,8.565368652343750000e-01,1.284023284912109375e+02,6.992667846679687500e+02,7.995303869247436523e-01,1.297858276367187500e+02,7.532228393554687500e+02,8.140142560005187988e-01,1.339362792968750000e+02,8.320817260742187500e+02,7.226610779762268066e-01,1.284023284912109375e+02,8.306982421875000000e+02,7.849836945533752441e-01,1.325527954101562500e+02,8.306982421875000000e+02,7.196968197822570801e-01,1.270188446044921875e+02,8.293147583007812500e+02,7.309755086898803711e-01,1.256353530883789062e+02,8.265477294921875000e+02,7.095096707344055176e-01,1.214848861694335938e+02,8.113294067382812500e+02,6.129471063613891602e-01,1.088441569599412162e+02,6.865632465222092833e+02,4.692291039003114861e+01,1.483639689811541302e+02,1.000000000000000000e+00,3.000000000000000000e+00,0.000000000000000000e+00
2.215800000000000000e+04,1.020000000000000000e+02,3.118000000000000000e+03,1.700000000000000000e+01,1.311093597412109375e+02,6.950156860351562500e+02,6.886436939239501953e-01,1.296304016113281250e+02,6.905788574218750000e+02,7.257533073425292969e-01,1.296304016113281250e+02,6.905788574218750000e+02,7.232032418251037598e-01,1.192777557373046875e+02,6.950156860351562500e+02,7.279368042945861816e-01,1.296304016113281250e+02,6.935367431640625000e+02,8.037979602813720703e-01,1.133619537353515625e+02,7.098051757812500000e+02,8.674395680427551270e-01,1.325883026123046875e+02,7.098051757812500000e+02,8.003259897232055664e-01,1.118829956054687500e+02,7.334683837890625000e+02,8.064376711845397949e-01,1.399830627441406250e+02,7.334683837890625000e+02,8.192282319068908691e-01,1.177987976074218750e+02,7.467789306640625000e+02,4.809639751911163330e-01,1.473778076171875000e+02,7.512158203125000000e+02,8.575399518013000488e-01,1.192777557373046875e+02,7.556526489257812500e+02,7.673151493072509766e-01,1.325883026123046875e+02,7.556526489257812500e+02,8.250651955604553223e-01,1.222356567382812500e+02,7.881895751953125000e+02,7.686071395874023438e-01,1.311093597412109375e+02,7.896685180664062500e+02,7.413730025291442871e-01,1.251935577392578125e+02,8.192474975585937500e+02,6.913077235221862793e-01,1.237145996093750000e+02,8.177685546875000000e+02,7.002961635589599609e-01,1.251935577392578125e+02,6.846630249023437500e+02,8.240044713020324707e-01,1.251935577392578125e+02,6.994525146484375000e+02,8.769683837890625000e-01,1.251935577392578125e+02,7.541737060546875000e+02,8.344934582710266113e-01,1.311093597412109375e+02,8.296001586914062500e+02,7.418791055679321289e-01,1.281514587402343750e+02,8.296001586914062500e+02,8.521246910095214844e-01,1.296304016113281250e+02,8.296001586914062500e+02,7.087575793266296387e-01,1.281514587402343750e+02,8.310791015625000000e+02,8.632084727287292480e-01,1.237145996093750000e+02,8.266422729492187500e+02,6.907846927642822266e-01,1.207566986083984375e+02,8.251633300781250000e+02,6.809467673301696777e-01,1.053309376580775734e+02,6.860376213012368680e+02,4.724735108743112733e+01,1.500284657581404417e+02,0.000000000000000000e+00,3.000000000000000000e+00,0.000000000000000000e+00
2.215900000000000000e+04,1.020000000000000000e+02,3.111000000000000000e+03,1.800000000000000000e+01,1.297788848876953125e+02,6.942842407226562500e+02,4.878011345863342285e-01,1.214616088867187500e+02,6.926207885742187500e+02,5.634797811508178711e-01,1.281154174804687500e+02,6.926207885742187500e+02,5.732856988906860352e-01,1.164712371826171875e+02,6.959476928710937500e+02,7.566555142402648926e-01,1.297788848876953125e+02,6.959476928710937500e+02,7.433658242225646973e-01,1.114808807373046875e+02,7.109188232421875000e+02,6.779775023460388184e-01,1.314423370361328125e+02,7.109188232421875000e+02,7.221046090126037598e-01,1.064905090332031250e+02,7.275533447265625000e+02,4.917257726192474365e-01,1.380961456298828125e+02,7.292167968750000000e+02,7.752892374992370605e-01,1.430865173339843750e+02,7.475148315429687500e+02,2.638927996158599854e-01,1.430865173339843750e+02,7.491782836914062500e+02,7.804713249206542969e-01,1.164712371826171875e+02,7.508417358398437500e+02,6.480132937431335449e-01,1.297788848876953125e+02,7.525051879882812500e+02,6.846915483474731445e-01,1.181346969604492188e+02,7.824473876953125000e+02,7.577050924301147461e-01,1.297788848876953125e+02,7.841108398437500000e+02,7.500260472297668457e-01,1.197981491088867188e+02,8.173798828125000000e+02,6.924862265586853027e-01,1.247885131835937500e+02,8.190433349609375000e+02,7.114485502243041992e-01,1.214616088867187500e+02,6.892938842773437500e+02,8.753886222839355469e-01,1.214616088867187500e+02,7.009380493164062500e+02,7.080029249191284180e-01,1.231250610351562500e+02,7.475148315429687500e+02,7.477725744247436523e-01,1.281154174804687500e+02,8.306875610351562500e+02,7.807438969612121582e-01,1.281154174804687500e+02,8.306875610351562500e+02,8.393409848213195801e-01,1.197981491088867188e+02,8.306875610351562500e+02,7.235061526298522949e-01,1.297788848876953125e+02,8.306875610351562500e+02,8.744638562202453613e-01,1.181346969604492188e+02,8.273606567382812500e+02,7.689443826675415039e-01,1.214616088867187500e+02,8.273606567382812500e+02,6.832041144371032715e-01,9.883444142228208307e+01,6.800733969462424966e+02,5.141882552812259632e+01,1.632488977470901546e+02,0.000000000000000000e+00,3.000000000000000000e+00,0.000000000000000000e+00
2.216000000000000000e+04,1.020000000000000000e+02,3.118000000000000000e+03,1.900000000000000000e+01,1.303800811767578125e+02,6.991771240234375000e+02,3.861945271492004395e-01,1.149207916259765625e+02,6.957417602539062500e+02,4.392866790294647217e-01,1.269446868896484375e+02,6.957417602539062500e+02,6.477216482162475586e-01,1.114853897094726562e+02,6.991771240234375000e+02,8.998460173606872559e-01,1.252269897460937500e+02,6.991771240234375000e+02,8.005899786949157715e-01,1.063322906494140625e+02,7.146364135742187500e+02,7.868983745574951172e-01,1.320977783203125000e+02,7.163541259765625000e+02,8.321124911308288574e-01,1.028968887329101562e+02,7.352488403320312500e+02,7.430175542831420898e-01,1.372508850097656250e+02,7.369665527343750000e+02,8.041349649429321289e-01,1.114853897094726562e+02,7.369665527343750000e+02,4.463203251361846924e-01,1.406862792968750000e+02,7.524258422851562500e+02,7.940321564674377441e-01,1.132030868530273438e+02,7.592966308593750000e+02,8.472373485565185547e-01,1.286623840332031250e+02,7.592966308593750000e+02,8.778866529464721680e-01,1.132030868530273438e+02,7.884974975585937500e+02,8.592752814292907715e-01,1.303800811767578125e+02,7.902152099609375000e+02,8.471304178237915039e-01,1.149207916259765625e+02,8.194161376953125000e+02,8.108168840408325195e-01,1.269446868896484375e+02,8.211337890625000000e+02,8.302530646324157715e-01,1.183561859130859375e+02,6.888709106445312500e+02,9.284937381744384766e-01,1.183561859130859375e+02,7.043302001953125000e+02,8.405727148056030273e-01,1.217915878295898438e+02,7.575789184570312500e+02,8.278768658638000488e-01,1.149207916259765625e+02,8.297222900390625000e+02,8.156929016113281250e-01,1.320977783203125000e+02,8.314400024414062500e+02,8.688545227050781250e-01,1.114853897094726562e+02,8.297222900390625000e+02,7.389391064643859863e-01,1.320977783203125000e+02,8.314400024414062500e+02,9.475561976432800293e-01,1.132030868530273438e+02,8.280045776367187500e+02,8.715774416923522949e-01,1.252269897460937500e+02,8.280045776367187500e+02,8.591830134391784668e-01,9.520786905831384672e+01,6.762426722993727708e+02,5.383161642315913298e+01,1.716505535596576237e+02,0.000000000000000000e+00,3.000000000000000000e+00,0.000000000000000000e+00
2.216100000000000000e+04,1.020000000000000000e+02,3.107000000000000000e+03,2.000000000000000000e+01,1.280825500488281250e+02,7.024652099609375000e+02,3.040872216224670410e-01,1.110072479248046875e+02,6.973426513671875000e+02,4.501831233501434326e-01,1.229599533081054688e+02,6.956351318359375000e+02,5.390370488166809082e-01,1.092997207641601562e+02,7.007576904296875000e+02,9.349398612976074219e-01,1.229599533081054688e+02,7.007576904296875000e+02,7.533466219902038574e-01,1.024695968627929688e+02,7.161254882812500000e+02,7.958970069885253906e-01,1.280825500488281250e+02,7.161254882812500000e+02,8.482191562652587891e-01,9.905454254150390625e+01,7.366158447265625000e+02,7.600243687629699707e-01,1.349126586914062500e+02,7.366158447265625000e+02,7.850952148437500000e-01,1.075921859741210938e+02,7.383233642578125000e+02,4.674216806888580322e-01,1.366201934814453125e+02,7.519835815429687500e+02,7.623441815376281738e-01,1.092997207641601562e+02,7.588137207031250000e+02,8.514141440391540527e-01,1.263750152587890625e+02,7.588137207031250000e+02,8.636748194694519043e-01,1.092997207641601562e+02,7.912567749023437500e+02,8.508425354957580566e-01,1.280825500488281250e+02,7.912567749023437500e+02,8.927720189094543457e-01,1.092997207641601562e+02,8.185772705078125000e+02,8.257442712783813477e-01,1.263750152587890625e+02,8.236998291015625000e+02,8.116267323493957520e-01,1.161298370361328125e+02,6.905125122070312500e+02,9.008157253265380859e-01,1.161298370361328125e+02,7.058803100585937500e+02,8.470221757888793945e-01,1.178373641967773438e+02,7.571062011718750000e+02,8.571523427963256836e-01,1.110072479248046875e+02,8.288224487304687500e+02,8.060368895530700684e-01,1.314976043701171875e+02,8.322374877929687500e+02,7.725121378898620605e-01,1.058846588134765625e+02,8.288224487304687500e+02,7.608085274696350098e-01,1.332051391601562500e+02,8.322374877929687500e+02,8.967127799987792969e-01,1.092997207641601562e+02,8.271148681640625000e+02,8.450072407722473145e-01,1.246674880981445312e+02,8.305299682617187500e+02,8.651551008224487305e-01,9.144260755629856874e+01,6.747304743593823559e+02,5.461365077529596590e+01,1.742696289084320824e+02,0.000000000000000000e+00,3.000000000000000000e+00,0.000000000000000000e+00
2.216200000000000000e+04,1.020000000000000000e+02,3.107000000000000000e+03,2.100000000000000000e+01,1.126924362182617188e+02,6.913963012695312500e+02,5.284036397933959961e-01,1.106582336425781250e+02,6.913963012695312500e+02,5.468745827674865723e-01,1.167608337402343750e+02,6.873278808593750000e+02,5.522682666778564453e-01,1.065898284912109375e+02,6.974989013671875000e+02,7.562671303749084473e-01,1.187950363159179688e+02,6.934304809570312500e+02,6.250699162483215332e-01,1.025214233398437500e+02,7.097041015625000000e+02,7.133154869079589844e-01,1.248976440429687500e+02,7.097041015625000000e+02,6.361546516418457031e-01,9.031621551513671875e+01,7.239434814453125000e+02,5.574693083763122559e-01,1.289660491943359375e+02,7.280119018554687500e+02,6.090726852416992188e-01,1.045556259155273438e+02,7.219093017578125000e+02,1.987422853708267212e-01,1.248976440429687500e+02,7.239434814453125000e+02,3.751418292522430420e-01,1.065898284912109375e+02,7.483539428710937500e+02,5.490071773529052734e-01,1.208292388916015625e+02,7.503881225585937500e+02,5.024992227554321289e-01,1.065898284912109375e+02,7.870037231445312500e+02,5.793809294700622559e-01,1.269318389892578125e+02,7.870037231445312500e+02,6.714465022087097168e-01,1.025214233398437500e+02,8.195509643554687500e+02,4.857514798641204834e-01,1.248976440429687500e+02,8.215851440429687500e+02,5.334857702255249023e-01,1.147266311645507812e+02,6.812252807617187500e+02,6.071742773056030273e-01,1.126924362182617188e+02,6.974989013671875000e+02,7.789252996444702148e-01,1.126924362182617188e+02,7.442855224609375000e+02,6.787858009338378906e-01,1.269318389892578125e+02,8.358245849609375000e+02,8.040955066680908203e-01,1.086240310668945312e+02,8.358245849609375000e+02,6.663519144058227539e-01,1.330344390869140625e+02,8.358245849609375000e+02,7.197580933570861816e-01,1.025214233398437500e+02,8.337904052734375000e+02,5.576855540275573730e-01,1.208292388916015625e+02,8.297219848632812500e+02,6.437317132949829102e-01,1.106582336425781250e+02,8.276877441406250000e+02,5.858229994773864746e-01,8.371855514806648557e+01,6.449120130188542817e+02,6.121624513457845751e+01,1.969581156753123423e+02,0.000000000000000000e+00,3.000000000000000000e+00,0.000000000000000000e+00
2.216300000000000000e+04,1.020000000000000000e+02,3.107000000000000000e+03,2.200000000000000000e+01,1.098380050659179688e+02,6.575711669921875000e+02,3.619660437107086182e-01,9.189504241943359375e+01,6.535838012695312500e+02,3.153920769691467285e-01,1.078443374633789062e+02,6.555775146484375000e+02,3.892463743686676025e-01,8.790771484375000000e+01,6.555775146484375000e+02,6.454026699066162109e-01,1.078443374633789062e+02,6.575711669921875000e+02,6.596396565437316895e-01,8.591405487060546875e+01,6.814951171875000000e+02,5.213626027107238770e-01,1.198063125610351562e+02,6.814951171875000000e+02,6.120445728302001953e-01,8.192672729492187500e+01,7.094063720703125000e+02,4.971753656864166260e-01,1.257873001098632812e+02,7.193746948242187500e+02,6.031167507171630859e-01,7.993306732177734375e+01,7.313366699218750000e+02,3.825190365314483643e-01,1.237936401367187500e+02,7.193746948242187500e+02,3.782738745212554932e-01,9.986968994140625000e+01,7.432986450195312500e+02,7.806903719902038574e-01,1.217999801635742188e+02,7.452922973632812500e+02,6.990901827812194824e-01,9.986968994140625000e+01,7.851655273437500000e+02,8.850625157356262207e-01,1.237936401367187500e+02,7.851655273437500000e+02,8.407537341117858887e-01,9.787602996826171875e+01,8.210514526367187500e+02,8.749942779541015625e-01,1.257873001098632812e+02,8.230451660156250000e+02,7.683318257331848145e-01,9.588236236572265625e+01,6.416218261718750000e+02,7.197248339653015137e-01,9.986968994140625000e+01,6.615584716796875000e+02,6.309903264045715332e-01,1.098380050659179688e+02,7.413049926757812500e+02,8.476608991622924805e-01,1.277809677124023438e+02,8.370007934570312500e+02,6.314567327499389648e-01,1.297746276855468750e+02,8.350071411132812500e+02,4.524962604045867920e-01,1.018633499145507812e+02,8.310197753906250000e+02,5.376860499382019043e-01,1.297746276855468750e+02,8.350071411132812500e+02,3.937238752841949463e-01,9.787602996826171875e+01,8.290261230468750000e+02,6.625276207923889160e-01,1.217999801635742188e+02,8.310197753906250000e+02,5.170525908470153809e-01,8.187074659943523613e+01,6.345809781497566746e+02,6.297439704429017127e+01,2.028571287395159288e+02,0.000000000000000000e+00,3.000000000000000000e+00,0.000000000000000000e+00
2.216400000000000000e+04,1.020000000000000000e+02,3.107000000000000000e+03,2.300000000000000000e+01,1.109207763671875000e+02,6.574319458007812500e+02,3.578453958034515381e-01,1.068003845214843750e+02,6.862747192382812500e+02,2.282797992229461670e-01,1.088605804443359375e+02,6.533115234375000000e+02,2.984743416309356689e-01,8.413821411132812500e+01,6.533115234375000000e+02,4.847285151481628418e-01,1.088605804443359375e+02,6.574319458007812500e+02,5.484364032745361328e-01,8.207801818847656250e+01,6.821542968750000000e+02,5.389096736907958984e-01,1.171013717651367188e+02,6.821542968750000000e+02,4.541898369789123535e-01,7.795761871337890625e+01,7.089368896484375000e+02,5.662402510643005371e-01,1.212217636108398438e+02,7.048164672851562500e+02,4.097582399845123291e-01,7.383722686767578125e+01,7.295388183593750000e+02,3.448056280612945557e-01,1.129809722900390625e+02,6.883348999023437500e+02,3.744663894176483154e-01,9.649939727783203125e+01,7.398398437500000000e+02,6.488428115844726562e-01,1.171013717651367188e+02,7.398398437500000000e+02,4.689834415912628174e-01,9.649939727783203125e+01,7.810437622070312500e+02,5.725952982902526855e-01,1.191615676879882812e+02,7.810437622070312500e+02,5.661503672599792480e-01,9.443920135498046875e+01,8.160671386718750000e+02,6.385546922683715820e-01,1.212217636108398438e+02,8.140068969726562500e+02,4.968871474266052246e-01,9.649939727783203125e+01,6.409503784179687500e+02,7.114019393920898438e-01,9.855959320068359375e+01,6.574319458007812500e+02,4.823319911956787109e-01,1.068003845214843750e+02,7.357194213867187500e+02,6.673086881637573242e-01,1.191615676879882812e+02,8.366690673828125000e+02,7.676249742507934570e-01,1.006197891235351562e+02,8.346088867187500000e+02,7.276680469512939453e-01,1.253421554565429688e+02,8.366690673828125000e+02,7.445954084396362305e-01,9.237900543212890625e+01,8.325487060546875000e+02,7.213393449783325195e-01,1.212217636108398438e+02,8.263681030273437500e+02,5.274558663368225098e-01,9.649939727783203125e+01,8.243079223632812500e+02,5.881939530372619629e-01,7.770885025083225628e+01,6.297809130300956895e+02,6.457150676163979597e+01,2.094489522436308562e+02,0.000000000000000000e+00,3.000000000000000000e+00,0.000000000000000000e+00
2.216500000000000000e+04,1.020000000000000000e+02,3.107000000000000000e+03,2.400000000000000000e+01,1.034639968872070312e+02,6.542020263671875000e+02,5.545974969863891602e-01,1.034639968872070312e+02,6.488421020507812500e+02,5.621289014816284180e-01,9.989071655273437500e+01,6.506287231445312500e+02,4.792706072330474854e-01,8.738425445556640625e+01,6.524153442382812500e+02,3.085668385028839111e-01,9.989071655273437500e+01,6.542020263671875000e+02,4.801514446735382080e-01,8.381098175048828125e+01,6.810015869140625000e+02,4.313266277313232422e-01,1.123971786499023438e+02,6.810015869140625000e+02,3.433135151863098145e-01,7.666442871093750000e+01,7.167343139648437500e+02,4.483867287635803223e-01,1.177570953369140625e+02,7.024412231445312500e+02,2.771360874176025391e-01,7.309115600585937500e+01,7.256674804687500000e+02,3.023273348808288574e-01,1.141838226318359375e+02,6.899347534179687500e+02,3.302027583122253418e-01,9.453080749511718750e+01,7.399606323242187500e+02,5.924180150032043457e-01,1.123971786499023438e+02,7.417472534179687500e+02,5.994476675987243652e-01,9.274417114257812500e+01,7.810532836914062500e+02,7.490761876106262207e-01,1.141838226318359375e+02,7.810532836914062500e+02,7.514998316764831543e-01,9.095752716064453125e+01,8.185726318359375000e+02,8.401226401329040527e-01,1.177570953369140625e+02,8.275058593750000000e+02,8.170730471611022949e-01,9.363748931884765625e+01,6.390155639648437500e+02,6.472404599189758301e-01,9.810408020019531250e+01,6.595618896484375000e+02,6.337946653366088867e-01,1.034639968872070312e+02,7.346007080078125000e+02,6.876075267791748047e-01,9.453080749511718750e+01,8.328657836914062500e+02,8.229159712791442871e-01,1.231170043945312500e+02,8.328657836914062500e+02,6.735963225364685059e-01,9.095752716064453125e+01,8.310791015625000000e+02,7.827677130699157715e-01,1.231170043945312500e+02,8.346524047851562500e+02,7.788805365562438965e-01,8.917089080810546875e+01,8.292924804687500000e+02,7.668345570564270020e-01,1.177570953369140625e+02,8.364390258789062500e+02,9.149406552314758301e-01,7.753131882321847002e+01,6.465450029446553799e+02,5.997594748354981675e+01,1.940832468935250290e+02,0.000000000000000000e+00,3.000000000000000000e+00,0.000000000000000000e+00
2.216600000000000000e+04,1.020000000000000000e+02,3.107000000000000000e+03,2.500000000000000000e+01,1.026669006347656250e+02,6.514721679687500000e+02,3.145126700401306152e-01,9.918381500244140625e+01,6.479890747070312500e+02,2.823367118835449219e-01,1.026669006347656250e+02,6.497306518554687500e+02,3.673761785030364990e-01,8.350993347167968750e+01,6.479890747070312500e+02,6.185336709022521973e-01,1.026669006347656250e+02,6.479890747070312500e+02,6.901056766510009766e-01,7.654376220703125000e+01,6.688876342773437500e+02,4.911992549896240234e-01,1.061499862670898438e+02,6.654045410156250000e+02,4.668239951133728027e-01,7.131912994384765625e+01,7.176508178710937500e+02,3.589351475238800049e-01,1.235654144287109375e+02,6.793368530273437500e+02,1.931572407484054565e-01,7.306067657470703125e+01,7.263585205078125000e+02,2.451688051223754883e-01,1.026669006347656250e+02,6.915276489257812500e+02,2.626374661922454834e-01,9.221764373779296875e+01,7.333247070312500000e+02,5.652772784233093262e-01,1.061499862670898438e+02,7.315831298828125000e+02,5.077840089797973633e-01,8.873455810546875000e+01,7.768632812500000000e+02,7.693137526512145996e-01,1.113746185302734375e+02,7.786047973632812500e+02,7.337461113929748535e-01,8.699301910400390625e+01,8.169187622070312500e+02,7.715886235237121582e-01,1.148577041625976562e+02,8.256264648437500000e+02,7.392011284828186035e-01,9.308841705322265625e+01,6.366690673828125000e+02,6.516020298004150391e-01,9.221764373779296875e+01,6.549552612304687500e+02,6.559037566184997559e-01,9.744227600097656250e+01,7.281000366210937500e+02,6.993968486785888672e-01,9.047610473632812500e+01,8.308510742187500000e+02,8.533865809440612793e-01,1.200823287963867188e+02,8.360757446289062500e+02,8.101909160614013672e-01,8.525147247314453125e+01,8.325926513671875000e+02,7.634302377700805664e-01,1.218238754272460938e+02,8.378172607421875000e+02,8.222427368164062500e-01,8.525147247314453125e+01,8.291095581054687500e+02,8.948141336441040039e-01,1.131161575317382812e+02,8.378172607421875000e+02,9.131175875663757324e-01,7.048243116914080986e+01,6.540636557016172219e+02,5.742951267370877133e+01,1.844786803063919933e+02,0.000000000000000000e+00,3.000000000000000000e+00,0.000000000000000000e+00
2.216700000000000000e+04,1.020000000000000000e+02,3.107000000000000000e+03,2.600000000000000000e+01,9.993608856201171875e+01,6.538641967773437500e+02,1.245991587638854980e-01,1.032508163452148438e+02,6.538641967773437500e+02,1.032193899154663086e-01,9.993608856201171875e+01,6.538641967773437500e+02,8.076836168766021729e-02,8.004770660400390625e+01,6.538641967773437500e+02,3.961362242698669434e-01,1.032508163452148438e+02,6.538641967773437500e+02,2.357740402221679688e-01,7.756165313720703125e+01,6.646370239257812500e+02,6.347332000732421875e-01,1.065655441284179688e+02,6.571788940429687500e+02,5.376212596893310547e-01,7.093219757080078125e+01,6.944696044921875000e+02,5.077246427536010742e-01,1.057368621826171875e+02,6.878401489257812500e+02,2.361809462308883667e-01,8.584848022460937500e+01,6.911549072265625000e+02,3.432246744632720947e-01,1.007647705078125000e+02,6.878401489257812500e+02,4.483837485313415527e-01,8.750584411621093750e+01,7.243021850585937500e+02,4.406679272651672363e-01,1.007647705078125000e+02,7.226448364257812500e+02,3.826845884323120117e-01,8.750584411621093750e+01,7.789952392578125000e+02,6.531704068183898926e-01,1.073942260742187500e+02,7.839673461914062500e+02,6.804026961326599121e-01,8.253375244140625000e+01,8.154572753906250000e+02,7.214599847793579102e-01,1.090515975952148438e+02,8.270588378906250000e+02,6.682851910591125488e-01,9.330662536621093750e+01,6.538641967773437500e+02,1.650533378124237061e-01,9.330662536621093750e+01,6.538641967773437500e+02,5.069745779037475586e-01,9.579267120361328125e+01,7.193300781250000000e+02,4.761544466018676758e-01,8.584848022460937500e+01,8.336882934570312500e+02,8.535212874412536621e-01,1.156810531616210938e+02,8.386604003906250000e+02,9.223321676254272461e-01,8.087638854980468750e+01,8.336882934570312500e+02,8.476152420043945312e-01,1.173384170532226562e+02,8.403177490234375000e+02,9.058867096900939941e-01,8.087638854980468750e+01,8.237440795898437500e+02,7.335021495819091797e-01,1.090515975952148438e+02,8.386604003906250000e+02,8.693510293960571289e-01,6.658940887837803757e+01,6.676808656238251842e+02,5.494102744378440661e+01,1.750831434433367804e+02,0.000000000000000000e+00,3.000000000000000000e+00,0.000000000000000000e+00
2.216800000000000000e+04,1.020000000000000000e+02,3.107000000000000000e+03,2.700000000000000000e+01,7.847963714599609375e+01,6.403153686523437500e+02,2.600071132183074951e-01,8.794987487792968750e+01,6.480637817382812500e+02,3.266225755214691162e-01,7.847963714599609375e+01,6.403153686523437500e+02,2.460635155439376831e-01,8.106243133544921875e+01,6.497856445312500000e+02,3.710801005363464355e-01,9.655918884277343750e+01,6.515075073242187500e+02,3.732274472713470459e-01,7.245312500000000000e+01,6.721697998046875000e+02,3.626194298267364502e-01,9.828104400634765625e+01,6.687260742187500000e+02,3.052726686000823975e-01,1.189433822631835938e+02,6.790572509765625000e+02,3.159056603908538818e-01,1.000029067993164062e+02,7.066070556640625000e+02,4.705741629004478455e-02,1.017247695922851562e+02,6.842228393554687500e+02,5.258552432060241699e-01,9.311546325683593750e+01,6.876665649414062500e+02,3.010924160480499268e-01,8.450615692138671875e+01,7.324349975585937500e+02,4.103499352931976318e-01,1.000029067993164062e+02,7.307131347656250000e+02,3.695300519466400146e-01,8.278429412841796875e+01,7.789252319335937500e+02,6.377106904983520508e-01,1.034466323852539062e+02,7.806470947265625000e+02,5.525122284889221191e-01,7.761870574951171875e+01,8.185280761718750000e+02,8.433244824409484863e-01,1.051684951782226562e+02,8.236936645507812500e+02,8.599879741668701172e-01,8.881080627441406250e+01,6.437590942382812500e+02,4.764038324356079102e-01,8.622801971435546875e+01,6.583949584960937500e+02,5.343525409698486328e-01,9.311546325683593750e+01,7.272694091796875000e+02,5.752548575401306152e-01,7.761870574951171875e+01,8.340247802734375000e+02,7.664418220520019531e-01,1.068903579711914062e+02,8.374685058593750000e+02,7.931619286537170410e-01,7.761870574951171875e+01,8.340247802734375000e+02,7.293816208839416504e-01,1.051684951782226562e+02,8.374685058593750000e+02,7.747333645820617676e-01,7.589685058593750000e+01,8.236936645507812500e+02,7.683315873146057129e-01,1.034466323852539062e+02,8.323029785156250000e+02,7.933486700057983398e-01,6.367243271756673550e+01,6.641969154547002745e+02,5.587351928525804112e+01,1.759991711673944792e+02,0.000000000000000000e+00,3.000000000000000000e+00,0.000000000000000000e+00
2.216900000000000000e+04,1.020000000000000000e+02,3.111000000000000000e+03,2.800000000000000000e+01,9.300469207763671875e+01,6.916403808593750000e+02,2.794489562511444092e-01,9.125875854492187500e+01,6.881485595703125000e+02,2.864758968353271484e-01,9.125875854492187500e+01,6.881485595703125000e+02,1.876860260963439941e-01,8.252906799316406250e+01,6.933863525390625000e+02,3.859798908233642578e-01,9.824250793457031250e+01,6.898944702148437500e+02,3.097810447216033936e-01,7.729125976562500000e+01,7.073538208007812500e+02,5.060200691223144531e-01,1.034803161621093750e+02,7.056079101562500000e+02,4.465823769569396973e-01,6.681563568115234375e+01,7.230672607421875000e+02,4.321086108684539795e-01,1.087181320190429688e+02,7.265591430664062500e+02,2.191395014524459839e-01,9.824250793457031250e+01,6.864025878906250000e+02,3.698613047599792480e-01,9.125875854492187500e+01,6.881485595703125000e+02,2.438420653343200684e-01,8.252906799316406250e+01,7.387807006835937500e+02,3.882378637790679932e-01,9.649656677246093750e+01,7.405266723632812500e+02,3.285237848758697510e-01,8.078313446044921875e+01,7.806832275390625000e+02,4.865013062953948975e-01,9.824250793457031250e+01,7.841751098632812500e+02,4.674762487411499023e-01,7.379938507080078125e+01,8.173479003906250000e+02,6.357998847961425781e-01,9.998844146728515625e+01,8.278235473632812500e+02,7.440354228019714355e-01,8.689391326904296875e+01,6.436271362304687500e+02,3.919402658939361572e-01,9.125875854492187500e+01,6.968782348632812500e+02,4.486308693885803223e-01,9.125875854492187500e+01,7.352888183593750000e+02,5.357430577278137207e-01,7.379938507080078125e+01,8.330613403320312500e+02,6.116821765899658203e-01,7.729125976562500000e+01,8.348072509765625000e+02,4.834024906158447266e-01,7.554531860351562500e+01,8.330613403320312500e+02,5.879777073860168457e-01,7.205344390869140625e+01,8.348072509765625000e+02,3.811852931976318359e-01,7.205344390869140625e+01,8.208397827148437500e+02,6.087010502815246582e-01,9.649656677246093750e+01,8.330613403320312500e+02,4.922190606594085693e-01,6.105047284213412695e+01,6.630194214163328752e+02,5.705103341719848231e+01,1.779585715833175072e+02,0.000000000000000000e+00,3.000000000000000000e+00,0.000000000000000000e+00
2.217000000000000000e+04,1.020000000000000000e+02,3.107000000000000000e+03,2.900000000000000000e+01,8.697021484375000000e+01,6.875285034179687500e+02,5.369791984558105469e-01,8.877473449707031250e+01,6.857239990234375000e+02,5.960661172866821289e-01,8.877473449707031250e+01,6.857239990234375000e+02,4.967691302299499512e-01,8.155662536621093750e+01,6.893330688476562500e+02,5.962759852409362793e-01,8.877473449707031250e+01,6.875285034179687500e+02,5.438663959503173828e-01,7.433851623535156250e+01,7.037692871093750000e+02,6.863077878952026367e-01,9.960189819335937500e+01,7.037692871093750000e+02,6.047297716140747070e-01,6.531588745117187500e+01,7.236190795898437500e+02,6.599398851394653320e-01,1.086245422363281250e+02,7.254235839843750000e+02,6.139492988586425781e-01,9.057926940917968750e+01,6.911375732421875000e+02,1.783038079738616943e-01,1.086245422363281250e+02,7.218145141601562500e+02,6.578543782234191895e-01,7.794757080078125000e+01,7.488824462890625000e+02,6.308918595314025879e-01,9.418832397460937500e+01,7.488824462890625000e+02,6.013305783271789551e-01,7.794757080078125000e+01,7.867775268554687500e+02,5.413372516632080078e-01,9.238378906250000000e+01,7.885820312500000000e+02,4.255080223083496094e-01,6.892494201660156250e+01,8.174544677734375000e+02,5.916982293128967285e-01,9.418832397460937500e+01,8.300861816406250000e+02,5.869171023368835449e-01,8.697021484375000000e+01,6.748968505859375000e+02,6.583039164543151855e-01,8.697021484375000000e+01,6.929420776367187500e+02,7.301046848297119141e-01,8.697021484375000000e+01,7.452733764648437500e+02,6.950715780258178711e-01,9.960189819335937500e+01,8.427178344726562500e+02,8.034365773200988770e-01,7.253399658203125000e+01,8.354997558593750000e+02,7.575244307518005371e-01,1.032109527587890625e+02,8.409133300781250000e+02,7.612455487251281738e-01,6.712040710449218750e+01,8.354997558593750000e+02,7.013437151908874512e-01,9.238378906250000000e+01,8.391088256835937500e+02,5.617542266845703125e-01,6.892494201660156250e+01,8.228680419921875000e+02,3.640252053737640381e-01,5.910868061863529022e+01,6.604130810369754272e+02,5.872868435079841731e+01,1.826421343278001359e+02,0.000000000000000000e+00,3.000000000000000000e+00,0.000000000000000000e+00
2.217100000000000000e+04,1.020000000000000000e+02,3.107000000000000000e+03,3.000000000000000000e+01,8.793774414062500000e+01,6.871027221679687500e+02,6.782991290092468262e-01,8.793774414062500000e+01,6.836827392578125000e+02,7.218546867370605469e-01,8.622775268554687500e+01,6.836827392578125000e+02,7.208048701286315918e-01,7.596778869628906250e+01,6.853927612304687500e+02,7.178365588188171387e-01,8.964773559570312500e+01,6.871027221679687500e+02,6.633583307266235352e-01,6.912780761718750000e+01,7.024926757812500000e+02,8.143625855445861816e-01,9.648771667480468750e+01,7.007826538085937500e+02,7.536967396736145020e-01,6.399782943725585938e+01,7.264326171875000000e+02,7.893736362457275391e-01,1.050376892089843750e+02,7.264326171875000000e+02,7.408041954040527344e-01,7.596778869628906250e+01,7.178826293945312500e+02,4.749282598495483398e-01,1.033276901245117188e+02,7.213026123046875000e+02,6.141745448112487793e-01,7.425779724121093750e+01,7.520825195312500000e+02,7.463235259056091309e-01,9.135773468017578125e+01,7.537924804687500000e+02,7.501985430717468262e-01,8.109777069091796875e+01,7.931223754882812500e+02,5.345186591148376465e-01,8.964773559570312500e+01,7.948323364257812500e+02,5.336250066757202148e-01,8.964773559570312500e+01,8.324522094726562500e+02,6.052300930023193359e-01,6.741781616210937500e+01,8.187722778320312500e+02,3.647276461124420166e-01,8.451776123046875000e+01,6.768427734375000000e+02,9.713688492774963379e-01,8.280776214599609375e+01,6.922327270507812500e+02,8.278539180755615234e-01,8.280776214599609375e+01,7.503724975585937500e+02,8.086120486259460449e-01,9.819770812988281250e+01,8.444221801757812500e+02,8.348401784896850586e-01,6.741781616210937500e+01,8.375822143554687500e+02,8.842219114303588867e-01,9.819770812988281250e+01,8.427121582031250000e+02,8.580232262611389160e-01,6.228783416748046875e+01,8.341622314453125000e+02,8.621300458908081055e-01,8.622775268554687500e+01,8.392921752929687500e+02,8.116657137870788574e-01,6.228783416748046875e+01,8.187722778320312500e+02,7.694974541664123535e-01,5.750723935900516182e+01,6.634896258899195800e+02,5.792105057805888890e+01,1.780538244277892090e+02,1.000000000000000000e+00,3.000000000000000000e+00,0.000000000000000000e+00
2.217200000000000000e+04,1.020000000000000000e+02,3.107000000000000000e+03,3.100000000000000000e+01,8.298453521728515625e+01,6.868579711914062500e+02,8.123173117637634277e-01,8.637367248535156250e+01,6.834688720703125000e+02,8.987793326377868652e-01,7.959539794921875000e+01,6.834688720703125000e+02,8.388218283653259277e-01,8.806823730468750000e+01,6.868579711914062500e+02,6.928075551986694336e-01,7.620626831054687500e+01,6.851634521484375000e+02,7.619717717170715332e-01,7.112256622314453125e+01,7.021091308593750000e+02,4.726534783840179443e-01,7.281713104248046875e+01,7.021091308593750000e+02,4.339629411697387695e-01,5.926059341430664062e+01,7.258330688476562500e+02,5.572817325592041016e-01,9.993020629882812500e+01,7.275275878906250000e+02,3.506629765033721924e-01,9.823564147949218750e+01,6.648286132812500000e+02,3.201054632663726807e-01,1.016247787475585938e+02,7.241384887695312500e+02,4.206883609294891357e-01,8.637367248535156250e+01,7.546406860351562500e+02,5.636101365089416504e-01,7.620626831054687500e+01,7.546406860351562500e+02,5.612967014312744141e-01,8.806823730468750000e+01,7.970048828125000000e+02,7.952706813812255859e-01,7.281713104248046875e+01,7.970048828125000000e+02,6.685801744461059570e-01,8.467910766601562500e+01,8.359799194335937500e+02,8.003685474395751953e-01,6.434429931640625000e+01,8.224234008789062500e+02,6.691063642501831055e-01,8.298453521728515625e+01,6.766906127929687500e+02,9.099086523056030273e-01,8.128997039794921875e+01,6.919417114257812500e+02,8.026684522628784180e-01,8.128997039794921875e+01,7.529461059570312500e+02,8.664082288742065430e-01,9.315193939208984375e+01,8.461473388671875000e+02,8.150228857994079590e-01,6.603886413574218750e+01,8.393690795898437500e+02,8.296173214912414551e-01,9.484651184082031250e+01,8.444527587890625000e+02,8.647440671920776367e-01,6.095516204833984375e+01,8.376744995117187500e+02,8.255488276481628418e-01,8.298453521728515625e+01,8.393690795898437500e+02,8.462553620338439941e-01,6.264972686767578125e+01,8.224234008789062500e+02,6.797572374343872070e-01,5.377004789902407822e+01,6.669357063048587406e+02,5.759652298282050253e+01,1.751663618296839786e+02,1.000000000000000000e+00,3.000000000000000000e+00,0.000000000000000000e+00
2.217300000000000000e+04,1.020000000000000000e+02,3.119000000000000000e+03,3.200000000000000000e+01,8.049022674560546875e+01,6.869413452148437500e+02,8.574932813644409180e-01,8.218506622314453125e+01,6.835516357421875000e+02,9.290812611579895020e-01,7.710054779052734375e+01,6.818568115234375000e+02,8.781586885452270508e-01,8.557473754882812500e+01,6.852464599609375000e+02,8.908013701438903809e-01,7.032119750976562500e+01,6.852464599609375000e+02,8.413074612617492676e-01,9.065925598144531250e+01,6.988051757812500000e+02,7.704278230667114258e-01,6.523667907714843750e+01,7.038897094726562500e+02,8.175394535064697266e-01,1.093024749755859375e+02,6.818568115234375000e+02,7.269929647445678711e-01,6.015216827392578125e+01,7.259226074218750000e+02,7.267875671386718750e-01,1.059127960205078125e+02,6.547393798828125000e+02,5.455888509750366211e-01,7.201603698730468750e+01,6.988051757812500000e+02,6.177873015403747559e-01,8.896441650390625000e+01,7.547348632812500000e+02,7.825141549110412598e-01,7.032119750976562500e+01,7.530400390625000000e+02,8.198990225791931152e-01,8.726957702636718750e+01,7.954109497070312500e+02,7.886027693748474121e-01,7.201603698730468750e+01,7.937161254882812500e+02,7.602704167366027832e-01,8.218506622314453125e+01,8.343922729492187500e+02,8.212382793426513672e-01,6.354184341430664062e+01,8.208335571289062500e+02,7.490938901901245117e-01,7.879538726806640625e+01,6.750774536132812500e+02,9.276214838027954102e-01,7.879538726806640625e+01,6.954155273437500000e+02,8.208564519882202148e-01,7.879538726806640625e+01,7.513451538085937500e+02,9.016004204750061035e-01,8.726957702636718750e+01,8.462561035156250000e+02,8.805757761001586914e-01,6.354184341430664062e+01,8.411716308593750000e+02,8.597059845924377441e-01,8.896441650390625000e+01,8.445612792968750000e+02,9.089276194572448730e-01,5.845732879638671875e+01,8.394767456054687500e+02,8.638046979904174805e-01,7.879538726806640625e+01,8.394767456054687500e+02,8.015255928039550781e-01,6.354184341430664062e+01,8.208335571289062500e+02,6.926725506782531738e-01,5.073852626929931375e+01,6.682770240119054961e+02,5.766673097810229365e+01,1.740948723322387650e+02,1.000000000000000000e+00,3.000000000000000000e+00,0.000000000000000000e+00
2.217400000000000000e+04,1.020000000000000000e+02,3.119000000000000000e+03,3.300000000000000000e+01,8.147253417968750000e+01,6.890305175781250000e+02,8.396278023719787598e-01,7.977736663818359375e+01,6.856401367187500000e+02,7.749259471893310547e-01,7.808219146728515625e+01,6.856401367187500000e+02,7.425645589828491211e-01,6.621597290039062500e+01,6.873353271484375000e+02,5.719125866889953613e-01,7.469184112548828125e+01,6.873353271484375000e+02,6.779634356498718262e-01,5.943527603149414062e+01,7.059822387695312500e+02,6.918642520904541016e-01,7.977736663818359375e+01,7.042870483398437500e+02,5.568446516990661621e-01,5.265457916259765625e+01,7.280194702148437500e+02,7.660902738571166992e-01,9.164357757568359375e+01,7.314098510742187500e+02,5.234599113464355469e-01,6.621597290039062500e+01,7.212388305664062500e+02,3.668850958347320557e-01,9.333875274658203125e+01,7.246291503906250000e+02,7.230178713798522949e-01,6.960632324218750000e+01,7.568374633789062500e+02,4.081064164638519287e-01,7.469184112548828125e+01,7.585326538085937500e+02,5.698350071907043457e-01,8.147253417968750000e+01,7.975216064453125000e+02,7.451409101486206055e-01,6.791114807128906250e+01,7.958264770507812500e+02,6.917973160743713379e-01,7.638701629638671875e+01,8.365106201171875000e+02,8.745512366294860840e-01,6.452079772949218750e+01,8.280347290039062500e+02,6.405213475227355957e-01,7.469184112548828125e+01,6.788594360351562500e+02,8.264992833137512207e-01,7.299666595458984375e+01,6.941160278320312500e+02,7.786297798156738281e-01,7.469184112548828125e+01,7.551422729492187500e+02,8.193932175636291504e-01,8.316770935058593750e+01,8.466817016601562500e+02,6.869575381278991699e-01,7.638701629638671875e+01,8.449865112304687500e+02,6.739774942398071289e-01,8.486288452148437500e+01,8.466817016601562500e+02,6.340032219886779785e-01,7.808219146728515625e+01,8.449865112304687500e+02,5.365045666694641113e-01,7.299666595458984375e+01,8.399010009765625000e+02,6.058369278907775879e-01,6.621597290039062500e+01,8.331203002929687500e+02,4.570739269256591797e-01,4.680499586486249086e+01,6.690243749643683486e+02,5.807935347955202587e+01,1.737193753819241238e+02,1.000000000000000000e+00,3.000000000000000000e+00,0.000000000000000000e+00
2.217500000000000000e+04,1.020000000000000000e+02,3.112000000000000000e+03,3.400000000000000000e+01,7.384091949462890625e+01,6.882034912109375000e+02,8.355736136436462402e-01,7.555957031250000000e+01,6.864848632812500000e+02,8.437154293060302734e-01,7.040361022949218750e+01,6.864848632812500000e+02,8.056887388229370117e-01,7.212226867675781250e+01,6.882034912109375000e+02,5.085016489028930664e-01,6.696630859375000000e+01,6.882034912109375000e+02,7.222340106964111328e-01,5.493573379516601562e+01,7.053900146484375000e+02,7.325996160507202148e-01,7.899687957763671875e+01,7.036713867187500000e+02,5.728213191032409668e-01,4.806111907958984375e+01,7.294511718750000000e+02,8.665415048599243164e-01,8.930879974365234375e+01,7.311698608398437500e+02,5.476076602935791016e-01,6.009169387817382812e+01,7.225765380859375000e+02,6.225277185440063477e-01,9.102745056152343750e+01,7.552309570312500000e+02,3.653506338596343994e-01,6.868495941162109375e+01,7.569496459960937500e+02,4.914349019527435303e-01,7.384091949462890625e+01,7.569496459960937500e+02,6.127385497093200684e-01,7.727822875976562500e+01,7.964786376953125000e+02,6.812463402748107910e-01,6.868495941162109375e+01,7.964786376953125000e+02,6.856353282928466797e-01,7.212226867675781250e+01,8.342890625000000000e+02,7.526628375053405762e-01,6.352899932861328125e+01,8.308517456054687500e+02,6.159436106681823730e-01,7.040361022949218750e+01,6.796102294921875000e+02,8.326874971389770508e-01,6.868495941162109375e+01,6.950781250000000000e+02,8.205845355987548828e-01,7.040361022949218750e+01,7.552309570312500000e+02,8.615466356277465820e-01,7.899687957763671875e+01,8.497568969726562500e+02,8.529366254806518555e-01,7.384091949462890625e+01,8.480382690429687500e+02,6.645838022232055664e-01,8.071553039550781250e+01,8.480382690429687500e+02,8.300723433494567871e-01,6.696630859375000000e+01,8.463195800781250000e+02,5.848768353462219238e-01,6.868495941162109375e+01,8.411636352539062500e+02,7.845683693885803223e-01,6.181034469604492188e+01,8.377263183593750000e+02,5.096365809440612793e-01,4.231234189614450258e+01,6.696979215812013990e+02,5.883594554062281645e+01,1.751791277580658743e+02,1.000000000000000000e+00,3.000000000000000000e+00,0.000000000000000000e+00
2.217600000000000000e+04,1.020000000000000000e+02,3.112000000000000000e+03,3.500000000000000000e+01,6.988916015625000000e+01,6.897102661132812500e+02,8.495030999183654785e-01,7.161587524414062500e+01,6.862568359375000000e+02,9.231257438659667969e-01,6.643572998046875000e+01,6.862568359375000000e+02,8.743324279785156250e-01,7.334259796142578125e+01,6.879835815429687500e+02,8.284477591514587402e-01,6.125557327270507812e+01,6.879835815429687500e+02,8.146613240242004395e-01,7.679603576660156250e+01,7.052507324218750000e+02,6.898564100265502930e-01,5.434870147705078125e+01,7.069774780273437500e+02,8.011526465415954590e-01,8.542961883544921875e+01,7.311514892578125000e+02,6.481379270553588867e-01,4.916854858398437500e+01,7.311514892578125000e+02,7.485268115997314453e-01,8.542961883544921875e+01,7.276980590820312500e+02,4.107721745967864990e-01,8.197618103027343750e+01,7.276980590820312500e+02,4.886396229267120361e-01,7.334259796142578125e+01,7.605056762695312500e+02,7.045509219169616699e-01,6.125557327270507812e+01,7.605056762695312500e+02,7.487319707870483398e-01,6.988916015625000000e+01,8.002202148437500000e+02,7.517023682594299316e-01,6.470900726318359375e+01,7.984934692382812500e+02,7.711284756660461426e-01,6.643572998046875000e+01,8.382080078125000000e+02,8.985847830772399902e-01,6.125557327270507812e+01,8.382080078125000000e+02,8.653865456581115723e-01,6.643572998046875000e+01,6.793499755859375000e+02,8.780328631401062012e-01,6.643572998046875000e+01,6.983438720703125000e+02,8.621748685836791992e-01,6.643572998046875000e+01,7.570522460937500000e+02,8.573611974716186523e-01,7.506931304931640625e+01,8.502950439453125000e+02,8.089110255241394043e-01,7.334259796142578125e+01,8.485682983398437500e+02,8.479009270668029785e-01,7.679603576660156250e+01,8.485682983398437500e+02,8.734507560729980469e-01,6.988916015625000000e+01,8.502950439453125000e+02,8.217553496360778809e-01,6.298229217529296875e+01,8.451148681640625000e+02,7.521385550498962402e-01,5.780213928222656250e+01,8.433881225585937500e+02,8.107588887214660645e-01,3.921059824574459185e+01,6.685912849811046499e+02,5.922758818119487501e+01,1.762751581250277013e+02,1.000000000000000000e+00,3.000000000000000000e+00,0.000000000000000000e+00
2.217700000000000000e+04,1.020000000000000000e+02,3.112000000000000000e+03,3.600000000000000000e+01,6.578109741210937500e+01,6.884899291992187500e+02,8.729871511459350586e-01,6.748403167724609375e+01,6.850840454101562500e+02,9.105522632598876953e-01,6.237523269653320312e+01,6.850840454101562500e+02,9.005843400955200195e-01,7.088989257812500000e+01,6.867869873046875000e+02,8.580195307731628418e-01,5.726643753051757812e+01,6.884899291992187500e+02,8.464139103889465332e-01,7.599868774414062500e+01,7.021133422851562500e+02,5.115936398506164551e-01,5.215764236450195312e+01,7.055192260742187500e+02,6.750887036323547363e-01,4.364298629760742188e+01,7.293602905273437500e+02,4.685108363628387451e-01,4.534591674804687500e+01,7.276573486328125000e+02,6.103546023368835449e-01,8.451334381103515625e+01,7.276573486328125000e+02,4.987385571002960205e-01,5.386057662963867188e+01,6.987075195312500000e+02,6.341463923454284668e-01,6.748403167724609375e+01,7.583101196289062500e+02,4.826071262359619141e-01,6.067230224609375000e+01,7.583101196289062500e+02,5.915869474411010742e-01,6.407816314697265625e+01,7.991804809570312500e+02,7.182623744010925293e-01,6.237523269653320312e+01,7.991804809570312500e+02,7.637608051300048828e-01,6.237523269653320312e+01,8.366449584960937500e+02,8.199504613876342773e-01,6.067230224609375000e+01,8.383479003906250000e+02,8.322173953056335449e-01,6.407816314697265625e+01,6.782723388671875000e+02,8.613819479942321777e-01,6.407816314697265625e+01,6.953016357421875000e+02,8.317565917968750000e-01,6.237523269653320312e+01,7.566071777343750000e+02,8.265430927276611328e-01,6.748403167724609375e+01,8.519713745117187500e+02,7.501527070999145508e-01,6.748403167724609375e+01,8.519713745117187500e+02,8.625765442848205566e-01,6.918695831298828125e+01,8.502684326171875000e+02,7.709809541702270508e-01,6.407816314697265625e+01,8.519713745117187500e+02,8.530845046043395996e-01,5.726643753051757812e+01,8.434566650390625000e+02,7.272263765335083008e-01,5.726643753051757812e+01,8.451596069335937500e+02,7.610096335411071777e-01,3.773393602316734530e+01,6.720449415157686417e+02,5.932265759618043433e+01,1.750800362669324386e+02,1.000000000000000000e+00,3.000000000000000000e+00,0.000000000000000000e+00
2.217800000000000000e+04,1.020000000000000000e+02,3.118000000000000000e+03,3.700000000000000000e+01,6.119883346557617188e+01,6.895626220703125000e+02,8.996455073356628418e-01,6.291390991210937500e+01,6.861324462890625000e+02,9.353190660476684570e-01,5.776868438720703125e+01,6.861324462890625000e+02,9.206501245498657227e-01,6.805912780761718750e+01,6.878475341796875000e+02,8.777206540107727051e-01,5.090839004516601562e+01,6.895626220703125000e+02,8.623434305191040039e-01,7.148928070068359375e+01,7.049982910156250000e+02,7.398564219474792480e-01,4.747824096679687500e+01,7.067133178710937500e+02,7.874568104743957520e-01,8.349479675292968750e+01,7.290092773437500000e+02,6.793591976165771484e-01,4.233302307128906250e+01,7.290092773437500000e+02,4.020309448242187500e-01,8.177972412109375000e+01,7.272942504882812500e+02,8.278205394744873047e-01,7.148928070068359375e+01,7.272942504882812500e+02,3.035869598388671875e-01,6.805912780761718750e+01,7.598806152343750000e+02,8.040041923522949219e-01,5.090839004516601562e+01,7.598806152343750000e+02,7.834047079086303711e-01,6.634405517578125000e+01,7.993273315429687500e+02,8.121630549430847168e-01,5.433853912353515625e+01,7.993273315429687500e+02,8.361353278160095215e-01,5.605361175537109375e+01,8.353438720703125000e+02,7.741777300834655762e-01,5.776868438720703125e+01,8.387740478515625000e+02,8.323124647140502930e-01,5.948376083374023438e+01,6.775570678710937500e+02,8.720671534538269043e-01,5.948376083374023438e+01,6.981380004882812500e+02,8.570049405097961426e-01,5.948376083374023438e+01,7.564505004882812500e+02,8.649525642395019531e-01,5.776868438720703125e+01,8.507795410156250000e+02,7.284452915191650391e-01,6.291390991210937500e+01,8.524946289062500000e+02,8.282052278518676758e-01,6.119883346557617188e+01,8.507795410156250000e+02,7.296251654624938965e-01,5.776868438720703125e+01,8.524946289062500000e+02,8.183842301368713379e-01,5.090839004516601562e+01,8.404891357421875000e+02,6.793978810310363770e-01,5.433853912353515625e+01,8.456343383789062500e+02,6.511114835739135742e-01,3.201057193788136601e+01,6.739831430228432509e+02,5.936304860528687755e+01,1.754439581490676119e+02,1.000000000000000000e+00,3.000000000000000000e+00,0.000000000000000000e+00
2.217900000000000000e+04,1.020000000000000000e+02,3.108000000000000000e+03,3.800000000000000000e+01,5.536571121215820312e+01,6.894559936523437500e+02,8.909695148468017578e-01,5.876169586181640625e+01,6.860599975585937500e+02,9.286181926727294922e-01,5.196972656250000000e+01,6.860599975585937500e+02,8.920569419860839844e-01,6.385567474365234375e+01,6.877579956054687500e+02,9.112333655357360840e-01,4.687574768066406250e+01,6.894559936523437500e+02,8.657552599906921387e-01,7.064764404296875000e+01,7.047379150390625000e+02,8.501793146133422852e-01,4.008377456665039062e+01,7.064359130859375000e+02,8.567194342613220215e-01,8.253359985351562500e+01,7.251138305664062500e+02,7.655898332595825195e-01,3.498979568481445312e+01,7.285098266601562500e+02,5.379793643951416016e-01,7.743962097167968750e+01,7.268118286132812500e+02,8.593389987945556641e-01,4.517775344848632812e+01,6.979459228515625000e+02,3.507224619388580322e-01,6.385567474365234375e+01,7.590736694335937500e+02,8.156800270080566406e-01,4.687574768066406250e+01,7.590736694335937500e+02,8.086109757423400879e-01,6.215768432617187500e+01,7.981275024414062500e+02,8.021005988121032715e-01,5.027173233032226562e+01,7.998255004882812500e+02,8.121690154075622559e-01,5.196972656250000000e+01,8.337853393554687500e+02,6.625753045082092285e-01,5.366771697998046875e+01,8.388793334960937500e+02,7.464341521263122559e-01,5.536571121215820312e+01,6.792680053710937500e+02,8.840205073356628418e-01,5.536571121215820312e+01,6.979459228515625000e+02,8.976339101791381836e-01,5.536571121215820312e+01,7.556776733398437500e+02,8.719673156738281250e-01,5.027173233032226562e+01,8.490673217773437500e+02,7.334287762641906738e-01,5.876169586181640625e+01,8.524633178710937500e+02,8.298460245132446289e-01,5.706370544433593750e+01,8.490673217773437500e+02,7.377099394798278809e-01,5.366771697998046875e+01,8.524633178710937500e+02,8.198608756065368652e-01,4.857373809814453125e+01,8.405773315429687500e+02,5.422235727310180664e-01,5.196972656250000000e+01,8.473693237304687500e+02,5.882862210273742676e-01,2.851875837409414416e+01,6.747137027707906327e+02,5.908154582090993756e+01,1.744236701789784547e+02,1.000000000000000000e+00,3.000000000000000000e+00,0.000000000000000000e+00
2.218000000000000000e+04,1.020000000000000000e+02,3.108000000000000000e+03,3.900000000000000000e+01,5.080944061279296875e+01,6.911024169921875000e+02,8.816535472869873047e-01,5.246117782592773438e+01,6.861472167968750000e+02,9.032123088836669922e-01,4.750597381591796875e+01,6.861472167968750000e+02,8.549129962921142578e-01,5.906811523437500000e+01,6.877989501953125000e+02,8.724511861801147461e-01,4.255076980590820312e+01,6.894506835937500000e+02,8.609817028045654297e-01,6.732678985595703125e+01,7.059680175781250000e+02,7.974180579185485840e-01,3.759556579589843750e+01,7.076197509765625000e+02,8.063448071479797363e-01,7.888893127441406250e+01,7.257888793945312500e+02,7.366845011711120605e-01,3.264036178588867188e+01,7.274406127929687500e+02,6.161006093025207520e-01,7.228199005126953125e+01,7.307440795898437500e+02,7.592810392379760742e-01,3.924729919433593750e+01,7.010128173828125000e+02,5.553116798400878906e-01,5.906811523437500000e+01,7.588235473632812500e+02,7.254321575164794922e-01,4.255076980590820312e+01,7.571718139648437500e+02,6.941563487052917480e-01,5.576464843750000000e+01,8.001168823242187500e+02,6.906639933586120605e-01,4.585424041748046875e+01,7.984651489257812500e+02,6.901735067367553711e-01,4.585424041748046875e+01,8.331516113281250000e+02,7.358323931694030762e-01,5.411291122436523438e+01,8.430620117187500000e+02,6.090484261512756348e-01,5.080944061279296875e+01,6.778885498046875000e+02,8.749577403068542480e-01,5.080944061279296875e+01,6.977093505859375000e+02,8.739134073257446289e-01,5.080944061279296875e+01,7.555200805664062500e+02,8.517944216728210449e-01,4.255076980590820312e+01,8.496689453125000000e+02,9.615588784217834473e-01,5.906811523437500000e+01,8.546241455078125000e+02,8.535529971122741699e-01,4.585424041748046875e+01,8.480172119140625000e+02,8.605303168296813965e-01,5.576464843750000000e+01,8.529724121093750000e+02,7.938735485076904297e-01,4.420250320434570312e+01,8.348033447265625000e+02,6.850115060806274414e-01,5.411291122436523438e+01,8.496689453125000000e+02,6.169478893280029297e-01,2.467560442747814875e+01,6.763155533583379793e+02,5.816358315940665591e+01,1.708975443853506704e+02,1.000000000000000000e+00,3.000000000000000000e+00,0.000000000000000000e+00
2.218100000000000000e+04,1.020000000000000000e+02,3.118000000000000000e+03,4.000000000000000000e+01,4.908930587768554688e+01,6.906344604492187500e+02,8.905573487281799316e-01,5.076279067993164062e+01,6.872874755859375000e+02,8.967039585113525391e-01,4.574233627319335938e+01,6.872874755859375000e+02,8.921189904212951660e-01,5.578324508666992188e+01,6.889609985351562500e+02,8.651255965232849121e-01,3.904839706420898438e+01,6.889609985351562500e+02,8.558557629585266113e-01,6.247718429565429688e+01,7.073693237304687500e+02,8.386376500129699707e-01,3.235445785522460938e+01,7.073693237304687500e+02,8.867388367652893066e-01,7.419157409667968750e+01,7.307980957031250000e+02,8.098241090774536133e-01,2.733400344848632812e+01,7.274511108398437500e+02,4.477971494197845459e-01,6.917112731933593750e+01,7.324715576171875000e+02,8.437788486480712891e-01,3.402794265747070312e+01,7.006753540039062500e+02,5.432775616645812988e-01,5.578324508666992188e+01,7.625942993164062500e+02,8.381593227386474609e-01,3.737491226196289062e+01,7.609208374023437500e+02,8.360201716423034668e-01,5.243627548217773438e+01,8.044314575195312500e+02,7.854535579681396484e-01,4.239536666870117188e+01,8.027579345703125000e+02,8.028748035430908203e-01,4.072188186645507812e+01,8.379011230468750000e+02,6.889706850051879883e-01,5.076279067993164062e+01,8.462685546875000000e+02,7.278876900672912598e-01,4.741582107543945312e+01,6.789200439453125000e+02,8.754462003707885742e-01,4.741582107543945312e+01,7.006753540039062500e+02,8.572582602500915527e-01,4.741582107543945312e+01,7.592473144531250000e+02,9.246957898139953613e-01,3.904839706420898438e+01,8.512890014648437500e+02,8.987306952476501465e-01,5.410976028442382812e+01,8.529624633789062500e+02,8.161694407463073730e-01,4.239536666870117188e+01,8.496155395507812500e+02,8.279365301132202148e-01,5.076279067993164062e+01,8.529624633789062500e+02,7.322804927825927734e-01,3.737491226196289062e+01,8.395745849609375000e+02,5.861548781394958496e-01,4.741582107543945312e+01,8.529624633789062500e+02,6.615417003631591797e-01,1.848643721321079880e+01,6.764462392118216485e+02,5.864607031401151715e+01,1.710578826182756984e+02,1.000000000000000000e+00,3.000000000000000000e+00,0.000000000000000000e+00
2.218200000000000000e+04,1.020000000000000000e+02,3.118000000000000000e+03,4.100000000000000000e+01,4.278180694580078125e+01,6.904806518554687500e+02,8.184517025947570801e-01,4.620377349853515625e+01,6.870587158203125000e+02,8.733947873115539551e-01,3.935984420776367188e+01,6.870587158203125000e+02,8.509746193885803223e-01,5.133671569824218750e+01,6.904806518554687500e+02,6.998067498207092285e-01,3.422689819335937500e+01,6.904806518554687500e+02,7.095426321029663086e-01,5.646966552734375000e+01,7.093014526367187500e+02,4.452522099018096924e-01,2.909395217895507812e+01,7.093014526367187500e+02,5.980683565139770508e-01,7.015751647949218750e+01,7.332551879882812500e+02,6.214085817337036133e-01,2.396100616455078125e+01,7.281222534179687500e+02,2.230624556541442871e-01,6.502457427978515625e+01,7.298332519531250000e+02,8.483312129974365234e-01,2.909395217895507812e+01,7.007465209960937500e+02,3.568864762783050537e-01,4.962573623657226562e+01,7.657638549804687500e+02,6.414044499397277832e-01,3.764886093139648438e+01,7.657638549804687500e+02,5.912290811538696289e-01,4.449279022216796875e+01,8.068274536132812500e+02,7.807857394218444824e-01,4.107082366943359375e+01,8.051164550781250000e+02,7.911005616188049316e-01,3.764886093139648438e+01,8.359141235351562500e+02,7.759297490119934082e-01,4.620377349853515625e+01,8.427580566406250000e+02,7.852126359939575195e-01,4.278180694580078125e+01,6.785037841796875000e+02,9.084390401840209961e-01,4.278180694580078125e+01,7.007465209960937500e+02,8.553807139396667480e-01,4.278180694580078125e+01,7.623419189453125000e+02,8.706262111663818359e-01,3.422689819335937500e+01,8.513129882812500000e+02,9.249290227890014648e-01,4.620377349853515625e+01,8.530239257812500000e+02,6.795948147773742676e-01,3.593788146972656250e+01,8.496019897460937500e+02,8.356149196624755859e-01,4.620377349853515625e+01,8.530239257812500000e+02,6.615390777587890625e-01,3.593788146972656250e+01,8.376251220703125000e+02,6.690590977668762207e-01,4.449279022216796875e+01,8.496019897460937500e+02,6.516004204750061035e-01,1.393741714014434407e+01,6.761475375319588466e+02,5.967564060772822643e+01,1.736790174401839977e+02,1.000000000000000000e+00,3.000000000000000000e+00,0.000000000000000000e+00
2.218300000000000000e+04,1.020000000000000000e+02,3.118000000000000000e+03,4.200000000000000000e+01,3.938019180297851562e+01,6.906118774414062500e+02,9.012674689292907715e-01,4.290736389160156250e+01,6.870847167968750000e+02,9.233255386352539062e-01,3.761660766601562500e+01,6.870847167968750000e+02,9.211767911911010742e-01,4.819812774658203125e+01,6.906118774414062500e+02,9.049091935157775879e-01,3.232584381103515625e+01,6.888482666015625000e+02,8.807196021080017090e-01,5.172529983520507812e+01,7.100113525390625000e+02,8.535063266754150391e-01,2.527149963378906250e+01,7.082477416992187500e+02,8.490385413169860840e-01,6.230681991577148438e+01,7.347015380859375000e+02,6.266694664955139160e-01,9.399218559265136719e+00,7.188292846679687500e+02,7.056922912597656250e-01,6.054323196411132812e+01,7.311743774414062500e+02,8.635066747665405273e-01,9.399218559265136719e+00,7.029569702148437500e+02,7.954117655754089355e-01,4.643453979492187500e+01,7.664461059570312500e+02,8.621543645858764648e-01,2.879867172241210938e+01,7.664461059570312500e+02,8.437607288360595703e-01,4.467095184326171875e+01,8.087721557617187500e+02,8.257852196693420410e-01,3.585301971435546875e+01,8.070086059570312500e+02,8.263651728630065918e-01,2.879867172241210938e+01,8.405167236328125000e+02,7.656036019325256348e-01,4.290736389160156250e+01,8.493346557617187500e+02,8.162134289741516113e-01,3.938019180297851562e+01,6.782667846679687500e+02,9.117481708526611328e-01,3.938019180297851562e+01,7.011934204101562500e+02,8.995593786239624023e-01,3.761660766601562500e+01,7.629189453125000000e+02,9.206535816192626953e-01,2.879867172241210938e+01,8.510982666015625000e+02,7.554992437362670898e-01,4.467095184326171875e+01,8.510982666015625000e+02,7.189076542854309082e-01,3.232584381103515625e+01,8.510982666015625000e+02,7.046424746513366699e-01,4.114377975463867188e+01,8.510982666015625000e+02,6.300616860389709473e-01,2.703508567810058594e+01,8.440438842773437500e+02,6.399363875389099121e-01,4.290736389160156250e+01,8.581525878906250000e+02,6.135696768760681152e-01,9.508947555656337869e+00,6.746340294498385219e+02,6.131483631960654179e+01,1.782179898056230059e+02,1.000000000000000000e+00,3.000000000000000000e+00,0.000000000000000000e+00
2.218400000000000000e+04,1.020000000000000000e+02,3.118000000000000000e+03,4.300000000000000000e+01,3.593065643310546875e+01,6.916800537109375000e+02,8.985580205917358398e-01,3.946571731567382812e+01,6.881449584960937500e+02,8.918911218643188477e-01,3.239559936523437500e+01,6.881449584960937500e+02,8.949069976806640625e-01,4.300077819824218750e+01,6.899124755859375000e+02,9.308784008026123047e-01,2.709300804138183594e+01,6.899124755859375000e+02,8.746839761734008789e-01,4.830336761474609375e+01,7.075878295898437500e+02,8.579371571540832520e-01,2.179041862487792969e+01,7.075878295898437500e+02,8.486185073852539062e-01,6.244360351562500000e+01,7.305656738281250000e+02,6.315031647682189941e-01,7.650180816650390625e+00,7.217280273437500000e+02,4.666857719421386719e-01,5.890854644775390625e+01,7.287981567382812500e+02,8.685469627380371094e-01,9.417710304260253906e+00,7.040527343750000000e+02,4.658694565296173096e-01,4.300077819824218750e+01,7.641487426757812500e+02,8.404943943023681641e-01,2.709300804138183594e+01,7.641487426757812500e+02,8.523085117340087891e-01,4.123324584960937500e+01,8.065694580078125000e+02,8.300644755363464355e-01,3.239559936523437500e+01,8.065694580078125000e+02,7.852426171302795410e-01,2.709300804138183594e+01,8.366174926757812500e+02,7.151474356651306152e-01,3.769818878173828125e+01,8.454551391601562500e+02,7.157109379768371582e-01,3.593065643310546875e+01,6.775397949218750000e+02,8.758118152618408203e-01,3.416312789916992188e+01,7.005177001953125000e+02,8.715240955352783203e-01,3.593065643310546875e+01,7.623812255859375000e+02,9.214366078376770020e-01,2.532547950744628906e+01,8.525252685546875000e+02,7.009873986244201660e-01,2.709300804138183594e+01,8.542927856445312500e+02,6.912732720375061035e-01,2.709300804138183594e+01,8.525252685546875000e+02,6.598293185234069824e-01,2.532547950744628906e+01,8.507576904296875000e+02,6.656348109245300293e-01,2.532547950744628906e+01,8.348499755859375000e+02,6.534481048583984375e-01,3.239559936523437500e+01,8.401525268554687500e+02,4.699986577033996582e-01,5.698625687669487405e+00,6.758712884198851043e+02,6.194035348865814683e+01,1.801968106076355980e+02,1.000000000000000000e+00,3.000000000000000000e+00,0.000000000000000000e+00
2.218500000000000000e+04,1.020000000000000000e+02,3.108000000000000000e+03,4.400000000000000000e+01,3.187345504760742188e+01,6.911661987304687500e+02,8.951120376586914062e-01,3.539306259155273438e+01,6.876466064453125000e+02,9.073669910430908203e-01,2.835384750366210938e+01,6.876466064453125000e+02,9.130901098251342773e-01,4.067247390747070312e+01,6.894063720703125000e+02,8.760116100311279297e-01,2.307443618774414062e+01,6.894063720703125000e+02,8.883237242698669434e-01,4.419208145141601562e+01,7.087642211914062500e+02,8.446053862571716309e-01,1.603522109985351562e+01,7.070043945312500000e+02,8.325877189636230469e-01,6.003031539916992188e+01,7.298818969726562500e+02,6.052770018577575684e-01,1.075580978393554688e+01,7.246024780273437500e+02,7.384287714958190918e-01,5.475090408325195312e+01,7.298818969726562500e+02,8.691236376762390137e-01,1.251561355590820312e+01,7.034848022460937500e+02,7.268865704536437988e-01,4.067247390747070312e+01,7.633181152343750000e+02,8.550087809562683105e-01,2.307443618774414062e+01,7.633181152343750000e+02,8.581067919731140137e-01,3.715286636352539062e+01,8.055534057617187500e+02,8.618229031562805176e-01,2.659404373168945312e+01,8.055534057617187500e+02,8.062037825584411621e-01,2.307443618774414062e+01,8.372299194335937500e+02,7.875319123268127441e-01,3.363325881958007812e+01,8.425093383789062500e+02,8.150463700294494629e-01,3.187345504760742188e+01,6.770877685546875000e+02,8.667266964912414551e-01,3.011365127563476562e+01,6.999652099609375000e+02,8.963453173637390137e-01,3.187345504760742188e+01,7.615583496093750000e+02,9.397833943367004395e-01,1.955482864379882812e+01,8.513083496093750000e+02,9.040112495422363281e-01,3.363325881958007812e+01,8.530681152343750000e+02,7.014855146408081055e-01,2.131463241577148438e+01,8.513083496093750000e+02,8.547901511192321777e-01,3.187345504760742188e+01,8.530681152343750000e+02,7.049858570098876953e-01,2.131463241577148438e+01,8.354700927734375000e+02,8.031163215637207031e-01,3.187345504760742188e+01,8.477886962890625000e+02,6.133723258972167969e-01,2.983196074644798301e+00,6.771903331236502481e+02,6.196580774778226441e+01,1.804194860661764324e+02,1.000000000000000000e+00,3.000000000000000000e+00,0.000000000000000000e+00
2.218600000000000000e+04,1.020000000000000000e+02,3.121000000000000000e+03,1.470000000000000000e+02,3.852407836914062500e+01,6.944769287109375000e+02,9.000720977783203125e-01,4.170035552978515625e+01,6.881243286132812500e+02,9.206695556640625000e-01,3.534779739379882812e+01,6.881243286132812500e+02,9.150084257125854492e-01,4.170035552978515625e+01,6.913005981445312500e+02,6.835568547248840332e-01,1.946639823913574219e+01,6.849480590820312500e+02,8.977194428443908691e-01,4.170035552978515625e+01,7.135346069335937500e+02,8.434967398643493652e-01,9.937559127807617188e+00,7.167108764648437500e+02,8.702930808067321777e-01,4.805291748046875000e+01,7.516499633789062500e+02,7.594810724258422852e-01,1.629011917114257812e+01,7.580025024414062500e+02,6.840030550956726074e-01,5.758175659179687500e+01,7.484736328125000000e+02,7.856542468070983887e-01,5.122919464111328125e+01,7.516499633789062500e+02,6.337166428565979004e-01,3.852407836914062500e+01,8.056466674804687500e+02,8.311165571212768555e-01,1.629011917114257812e+01,8.056466674804687500e+02,8.615952134132385254e-01,3.852407836914062500e+01,8.691723022460937500e+02,7.798028588294982910e-01,1.946639823913574219e+01,8.691723022460937500e+02,8.246759772300720215e-01,3.852407836914062500e+01,9.295216064453125000e+02,5.553369522094726562e-01,2.264267730712890625e+01,9.263453369140625000e+02,6.333628892898559570e-01,3.534779739379882812e+01,6.658903808593750000e+02,8.645881414413452148e-01,2.581895828247070312e+01,7.008294677734375000e+02,8.523507118225097656e-01,2.581895828247070312e+01,8.024703979492187500e+02,9.077861309051513672e-01,2.899523735046386719e+01,9.485792846679687500e+02,7.205221652984619141e-01,5.122919464111328125e+01,9.517555541992187500e+02,7.729002833366394043e-01,2.899523735046386719e+01,9.517555541992187500e+02,6.697804331779479980e-01,5.122919464111328125e+01,9.549318237304687500e+02,6.836825013160705566e-01,1.629011917114257812e+01,9.358741455078125000e+02,6.181361079216003418e-01,4.170035552978515625e+01,9.454030151367187500e+02,5.546684265136718750e-01,5.974171180270523962e+00,6.544345630834461645e+02,6.531175392793130641e+01,3.187153729506402442e+02,0.000000000000000000e+00,0.000000000000000000e+00,1.000000000000000000e+00
2.218700000000000000e+04,1.020000000000000000e+02,3.127000000000000000e+03,1.480000000000000000e+02,4.510618209838867188e+01,6.994816894531250000e+02,8.798225522041320801e-01,4.841474151611328125e+01,6.928645629882812500e+02,9.123108386993408203e-01,3.848906707763671875e+01,6.895560302734375000e+02,8.885367512702941895e-01,4.179762649536132812e+01,6.928645629882812500e+02,5.848353505134582520e-01,2.525483512878417969e+01,6.895560302734375000e+02,8.778198361396789551e-01,4.179762649536132812e+01,7.160244750976562500e+02,7.869610190391540527e-01,8.712043762207031250e+00,7.160244750976562500e+02,9.305535554885864258e-01,5.503185653686523438e+01,7.458015136718750000e+02,7.340768575668334961e-01,2.194627571105957031e+01,7.524186401367187500e+02,7.422440052032470703e-01,6.164897537231445312e+01,7.491100463867187500e+02,8.487854003906250000e-01,5.503185653686523438e+01,7.524186401367187500e+02,6.994670033454895020e-01,3.518050765991210938e+01,8.119726562500000000e+02,8.363650441169738770e-01,1.863771820068359375e+01,8.086641235351562500e+02,8.426170349121093750e-01,4.510618209838867188e+01,8.814523925781250000e+02,8.335624933242797852e-01,2.194627571105957031e+01,8.781438598632812500e+02,8.850780725479125977e-01,6.164897537231445312e+01,9.443150024414062500e+02,7.502163052558898926e-01,1.863771820068359375e+01,9.343893432617187500e+02,7.654127478599548340e-01,4.179762649536132812e+01,6.697046508789062500e+02,9.128519296646118164e-01,2.525483512878417969e+01,7.027902832031250000e+02,8.452600240707397461e-01,2.525483512878417969e+01,8.053555297851562500e+02,9.206290245056152344e-01,8.480888366699218750e+01,9.509321289062500000e+02,8.081905841827392578e-01,7.819176483154296875e+01,9.542406616210937500e+02,4.805691242218017578e-01,8.150032043457031250e+01,9.509321289062500000e+02,8.115027546882629395e-01,7.819176483154296875e+01,9.542406616210937500e+02,3.993541300296783447e-01,6.164897537231445312e+01,9.608577880859375000e+02,5.607454180717468262e-01,6.164897537231445312e+01,9.641663208007812500e+02,5.081601142883300781e-01,7.227144218363363848e+00,6.471940672849951852e+02,6.998557171491297879e+01,3.329951007220192878e+02,0.000000000000000000e+00,0.000000000000000000e+00,1.000000000000000000e+00
2.218800000000000000e+04,1.020000000000000000e+02,3.127000000000000000e+03,1.490000000000000000e+02,4.964312744140625000e+01,7.013301391601562500e+02,8.905340433120727539e-01,4.964312744140625000e+01,6.948028564453125000e+02,9.288812875747680664e-01,4.311586761474609375e+01,6.915392456054687500e+02,9.271152615547180176e-01,4.964312744140625000e+01,6.948028564453125000e+02,6.702787280082702637e-01,3.006134605407714844e+01,6.915392456054687500e+02,8.452880978584289551e-01,4.964312744140625000e+01,7.209119262695312500e+02,7.912796139717102051e-01,1.047956657409667969e+01,7.209119262695312500e+02,8.598251342773437500e-01,5.617038726806640625e+01,7.502846069335937500e+02,6.530443429946899414e-01,2.353408622741699219e+01,7.600755004882812500e+02,7.501260042190551758e-01,6.596127319335937500e+01,7.535482177734375000e+02,7.687023282051086426e-01,5.943401336669921875e+01,7.535482177734375000e+02,7.890657782554626465e-01,3.985223388671875000e+01,8.122935791015625000e+02,7.324627041816711426e-01,2.679771614074707031e+01,8.122935791015625000e+02,8.165718317031860352e-01,2.679771614074707031e+01,8.775661621093750000e+02,7.858179807662963867e-01,4.964312744140625000e+01,8.808297729492187500e+02,8.176565170288085938e-01,1.700682640075683594e+01,9.297842407226562500e+02,8.663054704666137695e-01,7.575216674804687500e+01,9.428387451171875000e+02,8.359416723251342773e-01,4.311586761474609375e+01,6.719574584960937500e+02,8.814132809638977051e-01,3.332497406005859375e+01,7.045937500000000000e+02,8.238766193389892578e-01,3.006134605407714844e+01,8.090299072265625000e+02,8.742411136627197266e-01,4.311586761474609375e+01,9.526296386718750000e+02,9.696602225303649902e-01,9.859757232666015625e+01,9.461024169921875000e+02,9.353595376014709473e-01,3.985223388671875000e+01,9.461024169921875000e+02,9.862542152404785156e-01,9.207031250000000000e+01,9.526296386718750000e+02,8.680029511451721191e-01,1.374319648742675781e+01,9.428387451171875000e+02,8.467480540275573730e-01,7.575216674804687500e+01,9.591569213867187500e+02,8.773552775382995605e-01,8.221768389560352830e+00,6.502668305181432515e+02,7.237647128764145066e+01,3.355110709177324679e+02,0.000000000000000000e+00,0.000000000000000000e+00,1.000000000000000000e+00
2.218900000000000000e+04,1.020000000000000000e+02,3.127000000000000000e+03,1.500000000000000000e+02,5.440628814697265625e+01,6.996506347656250000e+02,9.516531825065612793e-01,5.746823120117187500e+01,6.935267944335937500e+02,9.698946475982666016e-01,4.828240966796875000e+01,6.935267944335937500e+02,9.686959385871887207e-01,5.440628814697265625e+01,6.965887451171875000e+02,5.229983329772949219e-01,3.603464508056640625e+01,6.935267944335937500e+02,9.154120683670043945e-01,5.134434890747070312e+01,7.210842285156250000e+02,8.705650568008422852e-01,1.766300201416015625e+01,7.241461791992187500e+02,8.821408748626708984e-01,6.053017044067382812e+01,7.547655639648437500e+02,8.037364482879638672e-01,3.297270584106445312e+01,7.639514160156250000e+02,7.314050197601318359e-01,7.277793121337890625e+01,7.578275146484375000e+02,8.846755027770996094e-01,6.665405273437500000e+01,7.578275146484375000e+02,5.832620263099670410e-01,4.215852737426757812e+01,8.160043945312500000e+02,8.607657551765441895e-01,3.603464508056640625e+01,8.160043945312500000e+02,8.794308304786682129e-01,2.991076469421386719e+01,8.803051757812500000e+02,9.023012518882751465e-01,6.053017044067382812e+01,8.864290161132812500e+02,8.524472117424011230e-01,1.766300201416015625e+01,9.323581542968750000e+02,9.439394474029541016e-01,8.196375274658203125e+01,9.476678466796875000e+02,9.378833174705505371e-01,4.522046661376953125e+01,6.690312500000000000e+02,9.035184979438781738e-01,3.603464508056640625e+01,7.088364868164062500e+02,9.271998405456542969e-01,3.909658813476562500e+01,8.129424438476562500e+02,9.678715467453002930e-01,3.909658813476562500e+01,9.507297973632812500e+02,9.125095605850219727e-01,1.064592819213867188e+02,9.507297973632812500e+02,9.124599695205688477e-01,3.909658813476562500e+01,9.476678466796875000e+02,9.413510560989379883e-01,1.033973388671875000e+02,9.568536376953125000e+02,9.373999238014221191e-01,1.153912067413330078e+01,9.446058959960937500e+02,8.222880959510803223e-01,7.890181732177734375e+01,9.629775390625000000e+02,8.971150517463684082e-01,1.547856161408503795e+01,6.623323522005089217e+02,7.394563360512177042e+01,3.229283157368340653e+02,0.000000000000000000e+00,0.000000000000000000e+00,1.000000000000000000e+00
2.219000000000000000e+04,1.020000000000000000e+02,3.127000000000000000e+03,1.510000000000000000e+02,5.820995712280273438e+01,7.023115234375000000e+02,9.508748054504394531e-01,6.123963928222656250e+01,6.932224731445312500e+02,9.529178142547607422e-01,5.215058898925781250e+01,6.932224731445312500e+02,9.402524232864379883e-01,6.426932525634765625e+01,6.962521972656250000e+02,6.592130064964294434e-01,4.003184890747070312e+01,6.932224731445312500e+02,9.511743187904357910e-01,6.123963928222656250e+01,7.235193481445312500e+02,8.624902367591857910e-01,2.488342475891113281e+01,7.295786743164062500e+02,8.952133655548095703e-01,6.729901123046875000e+01,7.538161621093750000e+02,7.573680877685546875e-01,4.003184890747070312e+01,7.689645996093750000e+02,7.840486764907836914e-01,7.941774749755859375e+01,7.598755493164062500e+02,9.133163690567016602e-01,7.335838317871093750e+01,7.629052124023437500e+02,6.376656889915466309e-01,4.912090301513671875e+01,8.144098510742187500e+02,7.306410074234008789e-01,4.306153106689453125e+01,8.174395751953125000e+02,8.310068249702453613e-01,3.397248077392578125e+01,8.780332641601562500e+02,7.901491522789001465e-01,6.729901123046875000e+01,8.871223144531250000e+02,8.131785988807678223e-01,1.882405471801757812e+01,9.265082397460937500e+02,9.045231342315673828e-01,8.547711944580078125e+01,9.537753906250000000e+02,7.918179631233215332e-01,5.215058898925781250e+01,6.720147094726562500e+02,9.175909757614135742e-01,4.306153106689453125e+01,7.114005737304687500e+02,9.055806398391723633e-01,4.609121704101562500e+01,8.144098510742187500e+02,8.955113887786865234e-01,4.003184890747070312e+01,9.507456665039062500e+02,9.327167272567749023e-01,1.066849136352539062e+02,9.628644409179687500e+02,9.264668822288513184e-01,4.003184890747070312e+01,9.477160034179687500e+02,9.484721422195434570e-01,1.006255416870117188e+02,9.658941040039062500e+02,9.083781838417053223e-01,9.735001564025878906e+00,9.386269531250000000e+02,8.458492755889892578e-01,8.244743347167968750e+01,9.658941040039062500e+02,9.359133243560791016e-01,1.782799958613222202e+01,6.691228781658730895e+02,7.637580463449977231e+01,3.155751655027358993e+02,0.000000000000000000e+00,0.000000000000000000e+00,1.000000000000000000e+00
2.219100000000000000e+04,1.020000000000000000e+02,3.127000000000000000e+03,1.520000000000000000e+02,6.182936096191406250e+01,7.005396728515625000e+02,9.039468765258789062e-01,6.481324768066406250e+01,6.975557861328125000e+02,9.247111082077026367e-01,5.586158752441406250e+01,6.945718994140625000e+02,9.257168173789978027e-01,6.779712677001953125e+01,7.005396728515625000e+02,8.172883391380310059e-01,4.392604827880859375e+01,6.975557861328125000e+02,8.995289206504821777e-01,6.779712677001953125e+01,7.273946533203125000e+02,8.157380819320678711e-01,2.900661849975585938e+01,7.303785400390625000e+02,8.956130146980285645e-01,7.376490020751953125e+01,7.632012329101562500e+02,6.844295263290405273e-01,4.094216156005859375e+01,7.721528930664062500e+02,6.847870945930480957e-01,8.570043945312500000e+01,7.632012329101562500e+02,8.896101713180541992e-01,7.973267364501953125e+01,7.661851196289062500e+02,5.670259594917297363e-01,6.182936096191406250e+01,8.198950805664062500e+02,8.662944436073303223e-01,4.094216156005859375e+01,8.228789672851562500e+02,8.595700263977050781e-01,7.376490020751953125e+01,8.885244750976562500e+02,8.084565997123718262e-01,3.795827484130859375e+01,8.885244750976562500e+02,6.113845705986022949e-01,8.570043945312500000e+01,9.541699218750000000e+02,4.855594635009765625e-01,2.005496215820312500e+01,9.273149414062500000e+02,5.065644383430480957e-01,5.586158752441406250e+01,6.766685791015625000e+02,8.923600316047668457e-01,4.989381790161132812e+01,7.154591064453125000e+02,8.556319475173950195e-01,4.989381790161132812e+01,8.198950805664062500e+02,9.223567843437194824e-01,3.497438812255859375e+01,9.541699218750000000e+02,7.963470220565795898e-01,1.065876388549804688e+02,9.690893554687500000e+02,8.058178424835205078e-01,3.795827484130859375e+01,9.482021484375000000e+02,7.269521951675415039e-01,1.036037521362304688e+02,9.720732421875000000e+02,7.630148530006408691e-01,1.408719158172607422e+01,9.332827148437500000e+02,7.383496761322021484e-01,8.271656036376953125e+01,9.690893554687500000e+02,8.297969698905944824e-01,1.850845081738479792e+01,6.727801120840357498e+02,7.839079744082445700e+01,3.096118188323088134e+02,0.000000000000000000e+00,0.000000000000000000e+00,1.000000000000000000e+00
2.219200000000000000e+04,1.020000000000000000e+02,3.127000000000000000e+03,1.530000000000000000e+02,7.046591949462890625e+01,7.017518310546875000e+02,9.397291541099548340e-01,7.363232421875000000e+01,6.954190063476562500e+02,9.323202371597290039e-01,6.413312530517578125e+01,6.954190063476562500e+02,9.382058382034301758e-01,7.363232421875000000e+01,6.985853881835937500e+02,6.518031954765319824e-01,4.830112457275390625e+01,6.954190063476562500e+02,9.024227857589721680e-01,7.046591949462890625e+01,7.239166259765625000e+02,8.248168230056762695e-01,3.563552856445312500e+01,7.302493896484375000e+02,9.027329087257385254e-01,7.996511840820312500e+01,7.555806274414062500e+02,6.680307388305664062e-01,4.830112457275390625e+01,7.745789794921875000e+02,6.831101179122924805e-01,9.263072204589843750e+01,7.587470092773437500e+02,8.899838924407958984e-01,8.629792022705078125e+01,7.650798339843750000e+02,6.583136320114135742e-01,7.046591949462890625e+01,8.220750122070312500e+02,8.720268011093139648e-01,4.830112457275390625e+01,8.252413940429687500e+02,8.568223118782043457e-01,7.996511840820312500e+01,8.917357788085937500e+02,7.753656506538391113e-01,5.463392257690429688e+01,8.885693969726562500e+02,6.022281050682067871e-01,2.613632774353027344e+01,9.202333984375000000e+02,5.606069564819335938e-01,8.946431732177734375e+01,9.613966064453125000e+02,5.824700593948364258e-01,6.096672439575195312e+01,6.732542114257812500e+02,8.962740898132324219e-01,5.463392257690429688e+01,7.112510375976562500e+02,8.490490913391113281e-01,5.780032348632812500e+01,8.189086303710937500e+02,9.068685770034790039e-01,3.880192565917968750e+01,9.518973999023437500e+02,8.667666316032409668e-01,1.084627151489257812e+02,9.677293701171875000e+02,9.172267317771911621e-01,3.880192565917968750e+01,9.487310180664062500e+02,8.402470350265502930e-01,1.052963180541992188e+02,9.708958129882812500e+02,8.626583218574523926e-01,1.663712882995605469e+01,9.202333984375000000e+02,9.392880201339721680e-01,8.313152313232421875e+01,9.677293701171875000e+02,8.289204239845275879e-01,1.953413700985878165e+01,6.654869335056862383e+02,8.432094499347785188e+01,3.197102878330694011e+02,0.000000000000000000e+00,0.000000000000000000e+00,1.000000000000000000e+00
2.219300000000000000e+04,1.020000000000000000e+02,3.109000000000000000e+03,1.540000000000000000e+02,7.621852874755859375e+01,6.976732177734375000e+02,9.415078759193420410e-01,7.918425750732421875e+01,6.917417602539062500e+02,9.464403390884399414e-01,7.028706359863281250e+01,6.917417602539062500e+02,9.449295997619628906e-01,8.214998626708984375e+01,6.947075195312500000e+02,7.238366007804870605e-01,5.545841598510742188e+01,6.917417602539062500e+02,9.161258935928344727e-01,8.214998626708984375e+01,7.243648071289062500e+02,8.791666030883789062e-01,4.062976455688476562e+01,7.273305664062500000e+02,9.296211600303649902e-01,9.401290893554687500e+01,7.688507690429687500e+02,7.241501808166503906e-01,4.952695465087890625e+01,7.718164672851562500e+02,7.850921154022216797e-01,9.994436645507812500e+01,7.599535522460937500e+02,8.923940658569335938e-01,8.511571502685546875e+01,7.569878540039062500e+02,5.381510853767395020e-01,7.918425750732421875e+01,8.192681884765625000e+02,9.130088686943054199e-01,5.249268341064453125e+01,8.222338867187500000e+02,8.770511150360107422e-01,8.214998626708984375e+01,8.934114379882812500e+02,8.815603852272033691e-01,5.249268341064453125e+01,8.904456787109375000e+02,8.250190615653991699e-01,8.808144378662109375e+01,9.586574707031250000e+02,7.223023176193237305e-01,3.469830322265625000e+01,9.230687255859375000e+02,8.420717120170593262e-01,7.028706359863281250e+01,6.709816894531250000e+02,9.262617826461791992e-01,6.138987731933593750e+01,7.125018920898437500e+02,9.191973209381103516e-01,6.435560607910156250e+01,8.163024291992187500e+02,9.272905588150024414e-01,1.058758239746093750e+02,9.705203857421875000e+02,8.513611555099487305e-01,4.062976455688476562e+01,9.497603149414062500e+02,8.455895185470581055e-01,1.058758239746093750e+02,9.675546875000000000e+02,9.146779179573059082e-01,3.173257446289062500e+01,9.467945556640625000e+02,9.220165610313415527e-01,8.511571502685546875e+01,9.675546875000000000e+02,8.799744248390197754e-01,2.876684570312500000e+01,9.141715087890625000e+02,7.796866297721862793e-01,2.324029878942575778e+01,6.675933114403242143e+02,8.404502540026399515e+01,3.100044165917495320e+02,0.000000000000000000e+00,0.000000000000000000e+00,1.000000000000000000e+00
2.219400000000000000e+04,1.020000000000000000e+02,3.109000000000000000e+03,1.550000000000000000e+02,8.365763092041015625e+01,6.978128051757812500e+02,9.579769968986511230e-01,8.668972015380859375e+01,6.887165527343750000e+02,9.437161087989807129e-01,7.759346771240234375e+01,6.917486572265625000e+02,9.652028679847717285e-01,8.668972015380859375e+01,6.917486572265625000e+02,6.205078959465026855e-01,6.243304443359375000e+01,6.917486572265625000e+02,9.342080950736999512e-01,8.668972015380859375e+01,7.220694580078125000e+02,9.157890677452087402e-01,4.727262496948242188e+01,7.251015625000000000e+02,9.422903060913085938e-01,9.578597259521484375e+01,7.584544677734375000e+02,7.074120044708251953e-01,5.940095901489257812e+01,7.705828247070312500e+02,7.529250383377075195e-01,1.048822250366210938e+02,7.554223632812500000e+02,9.165778160095214844e-01,9.578597259521484375e+01,7.584544677734375000e+02,7.429561018943786621e-01,8.365763092041015625e+01,8.160640869140625000e+02,8.987285494804382324e-01,5.940095901489257812e+01,8.190961914062500000e+02,8.902496099472045898e-01,8.668972015380859375e+01,8.858020019531250000e+02,8.225322365760803223e-01,7.152929687500000000e+01,8.827698974609375000e+02,7.777524590492248535e-01,8.972180175781250000e+01,9.585720214843750000e+02,6.108592748641967773e-01,4.424053955078125000e+01,9.191549072265625000e+02,7.012335658073425293e-01,7.456137847900390625e+01,6.674919433593750000e+02,9.220659732818603516e-01,6.849721527099609375e+01,7.099411621093750000e+02,9.137170910835266113e-01,7.152929687500000000e+01,8.160640869140625000e+02,9.219873547554016113e-01,1.048822250366210938e+02,9.707003784179687500e+02,8.736063838005065918e-01,4.727262496948242188e+01,9.494757690429687500e+02,8.013347983360290527e-01,1.079143066406250000e+02,9.676682739257812500e+02,9.355105161666870117e-01,4.424053955078125000e+01,9.464437255859375000e+02,8.795761466026306152e-01,8.365763092041015625e+01,9.676682739257812500e+02,8.429228067398071289e-01,3.514428710937500000e+01,9.130907592773437500e+02,8.637565970420837402e-01,3.040836358148779084e+01,6.681010742902267339e+02,8.584665071855519614e+01,3.106128060530008952e+02,0.000000000000000000e+00,0.000000000000000000e+00,1.000000000000000000e+00
2.219500000000000000e+04,1.020000000000000000e+02,3.109000000000000000e+03,1.560000000000000000e+02,9.189578247070312500e+01,6.948551635742187500e+02,9.604543447494506836e-01,9.189578247070312500e+01,6.859707641601562500e+02,9.449867010116577148e-01,8.597286224365234375e+01,6.859707641601562500e+02,9.056727886199951172e-01,7.412701416015625000e+01,6.889322509765625000e+02,4.585389494895935059e-01,6.820409393310546875e+01,6.918937377929687500e+02,9.191538691520690918e-01,9.189578247070312500e+01,7.185468750000000000e+02,9.029042124748229980e-01,5.339678573608398438e+01,7.244697875976562500e+02,9.346684813499450684e-01,9.781871032714843750e+01,7.540844116210937500e+02,6.424316167831420898e-01,6.820409393310546875e+01,7.600073242187500000e+02,6.968128681182861328e-01,1.126260147094726562e+02,7.540844116210937500e+02,8.914963006973266602e-01,1.007801666259765625e+02,7.481614990234375000e+02,5.355560779571533203e-01,8.893432617187500000e+01,8.133136596679687500e+02,9.115573167800903320e-01,6.820409393310546875e+01,8.162750854492187500e+02,8.900930285453796387e-01,8.893432617187500000e+01,8.784657592773437500e+02,8.423909544944763184e-01,8.301139831542968750e+01,8.814272460937500000e+02,8.399375081062316895e-01,5.635824966430664062e+01,9.140032958984375000e+02,9.198756814002990723e-01,8.893432617187500000e+01,9.554638061523437500e+02,9.053348898887634277e-01,7.708847808837890625e+01,6.652405395507812500e+02,9.213788509368896484e-01,7.116555786132812500e+01,7.096624755859375000e+02,9.151319265365600586e-01,7.708847808837890625e+01,8.103521728515625000e+02,9.293097257614135742e-01,6.228116989135742188e+01,9.465794067382812500e+02,8.193221092224121094e-01,1.067030944824218750e+02,9.673096313476562500e+02,8.874458074569702148e-01,6.524263000488281250e+01,9.465794067382812500e+02,9.546076655387878418e-01,1.037416305541992188e+02,9.702710571289062500e+02,9.286382794380187988e-01,5.043532562255859375e+01,9.110418701171875000e+02,9.330760836601257324e-01,8.301139831542968750e+01,9.673096313476562500e+02,8.155366182327270508e-01,3.690130878632052713e+01,6.687468195852389954e+02,8.587580763007062501e+01,3.060319857324791428e+02,0.000000000000000000e+00,0.000000000000000000e+00,1.000000000000000000e+00
2.219600000000000000e+04,1.020000000000000000e+02,3.109000000000000000e+03,1.570000000000000000e+02,9.718697357177734375e+01,6.970820312500000000e+02,9.070669412612915039e-01,1.003444137573242188e+02,6.876096801757812500e+02,9.594293832778930664e-01,9.087208557128906250e+01,6.876096801757812500e+02,9.337457418441772461e-01,1.035018615722656250e+02,6.876096801757812500e+02,5.349168181419372559e-01,7.508486938476562500e+01,6.907671508789062500e+02,8.877012729644775391e-01,9.718697357177734375e+01,7.160266723632812500e+02,8.072094917297363281e-01,6.245510101318359375e+01,7.223415527343750000e+02,9.005426764488220215e-01,1.003444137573242188e+02,7.539160156250000000e+02,6.552052497863769531e-01,7.824231719970703125e+01,7.539160156250000000e+02,6.572497487068176270e-01,1.161316299438476562e+02,7.507585449218750000e+02,8.218964338302612305e-01,1.035018615722656250e+02,7.412862548828125000e+02,3.566808402538299561e-01,9.402952575683593750e+01,8.107500000000000000e+02,9.160893559455871582e-01,7.192742919921875000e+01,8.139074096679687500e+02,9.008939862251281738e-01,9.402952575683593750e+01,8.802137451171875000e+02,8.489190340042114258e-01,8.139975738525390625e+01,8.802137451171875000e+02,8.547372817993164062e-01,6.876998901367187500e+01,9.181030273437500000e+02,8.521903753280639648e-01,8.771464538574218750e+01,9.559923706054687500e+02,8.553420305252075195e-01,8.771464538574218750e+01,6.623501586914062500e+02,9.011736512184143066e-01,8.139975738525390625e+01,7.065543823242187500e+02,8.841192126274108887e-01,8.139975738525390625e+01,8.107500000000000000e+02,9.595358967781066895e-01,7.508486938476562500e+01,9.496774291992187500e+02,5.540378689765930176e-01,1.098167419433593750e+02,9.654646606445312500e+02,8.753232955932617188e-01,7.824231719970703125e+01,9.433625488281250000e+02,6.187211275100708008e-01,1.035018615722656250e+02,9.686221313476562500e+02,8.782000541687011719e-01,5.929766082763671875e+01,9.181030273437500000e+02,8.413944840431213379e-01,8.139975738525390625e+01,9.654646606445312500e+02,8.177364468574523926e-01,4.222837713748695165e+01,6.630423801168522004e+02,9.019092795006491770e+01,3.176026911376465023e+02,0.000000000000000000e+00,0.000000000000000000e+00,1.000000000000000000e+00
2.219700000000000000e+04,1.020000000000000000e+02,3.109000000000000000e+03,1.580000000000000000e+02,1.065747070312500000e+02,6.945078735351562500e+02,9.348455071449279785e-01,1.098744201660156250e+02,6.879084472656250000e+02,9.269508123397827148e-01,9.997528839111328125e+01,6.879084472656250000e+02,9.132547378540039062e-01,1.098744201660156250e+02,6.879084472656250000e+02,5.665458440780639648e-01,8.017702484130859375e+01,6.879084472656250000e+02,8.728300929069519043e-01,1.032750015258789062e+02,7.176058959960937500e+02,8.250070214271545410e-01,6.697817993164062500e+01,7.176058959960937500e+02,9.098373055458068848e-01,1.065747070312500000e+02,7.539027099609375000e+02,7.549015283584594727e-01,7.357760620117187500e+01,7.572023925781250000e+02,5.829713940620422363e-01,1.263729705810546875e+02,7.506029663085937500e+02,9.130275249481201172e-01,1.164738464355468750e+02,7.473032836914062500e+02,4.551522135734558105e-01,1.032750015258789062e+02,8.165971679687500000e+02,9.055698513984680176e-01,7.687731933593750000e+01,8.165971679687500000e+02,8.898044228553771973e-01,1.032750015258789062e+02,8.858911132812500000e+02,8.713316321372985840e-01,8.347673797607421875e+01,8.858911132812500000e+02,9.012437462806701660e-01,9.337586975097656250e+01,9.452858886718750000e+02,8.828701972961425781e-01,8.677644348144531250e+01,9.485856323242187500e+02,8.402516841888427734e-01,9.667558288574218750e+01,6.615108032226562500e+02,8.959783315658569336e-01,8.677644348144531250e+01,7.044070434570312500e+02,9.063953161239624023e-01,9.007615661621093750e+01,8.132974853515625000e+02,9.375408887863159180e-01,1.098744201660156250e+02,9.650841674804687500e+02,8.046748042106628418e-01,1.098744201660156250e+02,9.650841674804687500e+02,8.318988084793090820e-01,1.131741333007812500e+02,9.650841674804687500e+02,7.850210070610046387e-01,9.997528839111328125e+01,9.683838500976562500e+02,9.158278107643127441e-01,8.347673797607421875e+01,9.617844238281250000e+02,7.275603413581848145e-01,8.347673797607421875e+01,9.617844238281250000e+02,8.192610740661621094e-01,4.383630233111677654e+01,6.560215733988604825e+02,9.551489985289092033e+01,3.313651238848469802e+02,0.000000000000000000e+00,0.000000000000000000e+00,1.000000000000000000e+00
2.219800000000000000e+04,1.020000000000000000e+02,3.109000000000000000e+03,1.590000000000000000e+02,1.132457199096679688e+02,6.959813842773437500e+02,9.155175685882568359e-01,1.164846725463867188e+02,6.895034790039062500e+02,9.422166347503662109e-01,1.067678070068359375e+02,6.895034790039062500e+02,9.161135554313659668e-01,1.132457199096679688e+02,6.895034790039062500e+02,5.401508212089538574e-01,9.057302093505859375e+01,6.862645263671875000e+02,8.630926609039306641e-01,1.100067596435546875e+02,7.186541137695312500e+02,8.435395359992980957e-01,7.113928222656250000e+01,7.154151611328125000e+02,8.831979632377624512e-01,1.100067596435546875e+02,7.575215454101562500e+02,7.860481142997741699e-01,9.057302093505859375e+01,7.575215454101562500e+02,7.100835442543029785e-01,1.294405059814453125e+02,7.510436401367187500e+02,9.091225862503051758e-01,1.229625854492187500e+02,7.478046875000000000e+02,4.777351319789886475e-01,1.100067596435546875e+02,8.158227539062500000e+02,9.264029264450073242e-01,8.085615539550781250e+01,8.190617675781250000e+02,8.760251402854919434e-01,1.262015457153320312e+02,8.838408813476562500e+02,9.213520884513854980e-01,8.409510803222656250e+01,8.870798339843750000e+02,8.667244315147399902e-01,1.164846725463867188e+02,9.453810424804687500e+02,9.260509014129638672e-01,8.733406829833984375e+01,9.421420898437500000e+02,9.426995515823364258e-01,1.035288467407226562e+02,6.635918579101562500e+02,8.556517362594604492e-01,9.057302093505859375e+01,7.056982421875000000e+02,8.799861669540405273e-01,9.705093383789062500e+01,8.125838012695312500e+02,9.450774192810058594e-01,1.326794586181640625e+02,9.648147583007812500e+02,8.399264216423034668e-01,1.100067596435546875e+02,9.680537109375000000e+02,7.023472785949707031e-01,1.359184112548828125e+02,9.615758056640625000e+02,8.620287775993347168e-01,9.705093383789062500e+01,9.680537109375000000e+02,6.390222311019897461e-01,1.035288467407226562e+02,9.518589477539062500e+02,7.904587984085083008e-01,8.733406829833984375e+01,9.518589477539062500e+02,7.496276497840881348e-01,4.666059295126031259e+01,6.527065267064774616e+02,9.769077022103816432e+01,3.325686252720255425e+02,0.000000000000000000e+00,0.000000000000000000e+00,1.000000000000000000e+00
2.219900000000000000e+04,1.020000000000000000e+02,3.109000000000000000e+03,1.600000000000000000e+02,1.158886413574218750e+02,6.952199707031250000e+02,9.145172238349914551e-01,1.191348114013671875e+02,6.887276611328125000e+02,9.477397203445434570e-01,1.126424789428710938e+02,6.887276611328125000e+02,9.231426715850830078e-01,1.191348114013671875e+02,6.919738159179687500e+02,4.924072325229644775e-01,9.641165161132812500e+01,6.854815063476562500e+02,8.506255149841308594e-01,1.126424789428710938e+02,7.179431152343750000e+02,8.567988276481628418e-01,8.018083190917968750e+01,7.179431152343750000e+02,8.934055566787719727e-01,1.158886413574218750e+02,7.568970947265625000e+02,8.029892444610595703e-01,9.965782165527343750e+01,7.601432495117187500e+02,6.925024986267089844e-01,1.386118011474609375e+02,7.536509399414062500e+02,9.029122591018676758e-01,1.321194763183593750e+02,7.536509399414062500e+02,5.828961730003356934e-01,1.191348114013671875e+02,8.153280639648437500e+02,8.973342180252075195e-01,8.991932678222656250e+01,8.153280639648437500e+02,8.372172117233276367e-01,1.353656311035156250e+02,8.834975585937500000e+02,8.832106590270996094e-01,8.667315673828125000e+01,8.867437133789062500e+02,8.502786755561828613e-01,1.353656311035156250e+02,9.516669921875000000e+02,1.020330667495727539e+00,8.667315673828125000e+01,9.516669921875000000e+02,8.936823010444641113e-01,1.126424789428710938e+02,6.627583007812500000e+02,8.699768781661987305e-01,9.641165161132812500e+01,7.049584960937500000e+02,8.940315246582031250e-01,1.029039840698242188e+02,8.120819091796875000e+02,9.232081174850463867e-01,1.580887908935546875e+02,9.678978271484375000e+02,8.855928778648376465e-01,1.126424789428710938e+02,9.678978271484375000e+02,9.095073342323303223e-01,1.613349609375000000e+02,9.646516723632812500e+02,8.900315165519714355e-01,1.061501464843750000e+02,9.743901367187500000e+02,8.566353321075439453e-01,1.288733062744140625e+02,9.614055175781250000e+02,8.566917181015014648e-01,8.018083190917968750e+01,9.678978271484375000e+02,8.152515292167663574e-01,5.452289266966078429e+01,6.530245235342636079e+02,1.007955586647388202e+02,3.333921607097781816e+02,0.000000000000000000e+00,0.000000000000000000e+00,1.000000000000000000e+00
2.220000000000000000e+04,1.020000000000000000e+02,3.127000000000000000e+03,1.610000000000000000e+02,1.262818984985351562e+02,6.979395141601562500e+02,9.296672940254211426e-01,1.262818984985351562e+02,6.911366577148437500e+02,9.265792369842529297e-01,1.194790496826171875e+02,6.877352294921875000e+02,8.808182477951049805e-01,1.262818984985351562e+02,6.911366577148437500e+02,6.517661809921264648e-01,1.058733444213867188e+02,6.911366577148437500e+02,8.617362976074218750e-01,1.194790496826171875e+02,7.217495117187500000e+02,7.771252393722534180e-01,8.886621856689453125e+01,7.217495117187500000e+02,8.587114214897155762e-01,1.228804779052734375e+02,7.591651611328125000e+02,8.389192819595336914e-01,1.092747726440429688e+02,7.591651611328125000e+02,8.238230943679809570e-01,1.432890319824218750e+02,7.523623046875000000e+02,9.488641023635864258e-01,1.364861755371093750e+02,7.523623046875000000e+02,7.044965028762817383e-01,1.228804779052734375e+02,8.169894409179687500e+02,7.813324332237243652e-01,9.566906738281250000e+01,8.203908691406250000e+02,8.154457211494445801e-01,1.466904602050781250e+02,8.850179443359375000e+02,9.118084311485290527e-01,8.886621856689453125e+01,8.918208007812500000e+02,9.102343916893005371e-01,1.568947296142578125e+02,9.530464477539062500e+02,9.333181381225585938e-01,8.886621856689453125e+01,9.496450195312500000e+02,8.811985850334167480e-01,1.194790496826171875e+02,6.639252319335937500e+02,9.363604784011840820e-01,1.058733444213867188e+02,7.081437988281250000e+02,9.148020744323730469e-01,1.058733444213867188e+02,8.135880126953125000e+02,8.873658776283264160e-01,1.126761932373046875e+02,9.700535888671875000e+02,8.102839589118957520e-01,1.841061401367187500e+02,9.632507324218750000e+02,9.939506649971008301e-01,1.126761932373046875e+02,9.700535888671875000e+02,8.140041232109069824e-01,1.807047119140625000e+02,9.666521606445312500e+02,1.005143165588378906e+00,8.206336975097656250e+01,9.666521606445312500e+02,8.653621077537536621e-01,1.500918731689453125e+02,9.666521606445312500e+02,8.506419062614440918e-01,6.125708960270739567e+01,6.492371805098342747e+02,1.073318283762358760e+02,3.440187216198096394e+02,0.000000000000000000e+00,0.000000000000000000e+00,1.000000000000000000e+00
2.220100000000000000e+04,1.020000000000000000e+02,3.127000000000000000e+03,1.620000000000000000e+02,1.329759368896484375e+02,7.011709594726562500e+02,9.090428352355957031e-01,1.364566040039062500e+02,6.942095947265625000e+02,9.557415246963500977e-01,1.294952545166015625e+02,6.907288818359375000e+02,9.141924977302551270e-01,1.364566040039062500e+02,6.942095947265625000e+02,6.167909502983093262e-01,1.120918579101562500e+02,6.907288818359375000e+02,8.826628327369689941e-01,1.294952545166015625e+02,7.255357055664062500e+02,7.889422178268432617e-01,9.468846893310546875e+01,7.220549926757812500e+02,8.822720050811767578e-01,1.399372863769531250e+02,7.638231201171875000e+02,7.474545240402221680e-01,1.086111831665039062e+02,7.673038330078125000e+02,6.986356973648071289e-01,1.538600006103515625e+02,7.568618164062500000e+02,8.899366855621337891e-01,1.434179687500000000e+02,7.533811035156250000e+02,6.342077851295471191e-01,1.329759368896484375e+02,8.195139770507812500e+02,8.989529609680175781e-01,9.816914367675781250e+01,8.195139770507812500e+02,8.797138929367065430e-01,1.573406829833984375e+02,8.856469116210937500e+02,9.080581068992614746e-01,9.120778656005859375e+01,8.891275634765625000e+02,8.990865349769592285e-01,1.712633972167968750e+02,9.517797851562500000e+02,1.002532839775085449e+00,8.772711181640625000e+01,9.482991333007812500e+02,9.221158027648925781e-01,1.260145721435546875e+02,6.663641357421875000e+02,9.229187369346618652e-01,1.120918579101562500e+02,7.081322631835937500e+02,9.351973533630371094e-01,1.155725402832031250e+02,8.160333251953125000e+02,9.425040483474731445e-01,1.120918579101562500e+02,9.726638793945312500e+02,8.556663990020751953e-01,2.025895080566406250e+02,9.622218017578125000e+02,8.740621209144592285e-01,1.051305007934570312e+02,9.726638793945312500e+02,6.879403591156005859e-01,1.991088256835937500e+02,9.657025146484375000e+02,8.571496605873107910e-01,8.424642944335937500e+01,9.657025146484375000e+02,8.087341785430908203e-01,1.677827148437500000e+02,9.657025146484375000e+02,9.064768552780151367e-01,6.793947343217587331e+01,6.491799835740623621e+02,1.142164801897662301e+02,3.532267947122024907e+02,0.000000000000000000e+00,0.000000000000000000e+00,1.000000000000000000e+00
2.220200000000000000e+04,1.020000000000000000e+02,3.127000000000000000e+03,1.630000000000000000e+02,1.421386718750000000e+02,7.007395629882812500e+02,9.062706232070922852e-01,1.455650329589843750e+02,6.973131713867187500e+02,9.494618177413940430e-01,1.352859344482421875e+02,6.938868408203125000e+02,9.292223453521728516e-01,1.421386718750000000e+02,6.973131713867187500e+02,6.056444048881530762e-01,1.215804595947265625e+02,6.938868408203125000e+02,8.760272860527038574e-01,1.421386718750000000e+02,7.281505126953125000e+02,8.548356890678405762e-01,1.010222549438476562e+02,7.247241210937500000e+02,9.046955704689025879e-01,1.455650329589843750e+02,7.658405151367187500e+02,8.222462534904479980e-01,1.147277297973632812e+02,7.658405151367187500e+02,7.099556326866149902e-01,1.592705078125000000e+02,7.589877929687500000e+02,8.613282442092895508e-01,1.284331970214843750e+02,7.281505126953125000e+02,7.409635186195373535e-01,1.387122955322265625e+02,8.206624145507812500e+02,9.019094109535217285e-01,1.044486236572265625e+02,8.206624145507812500e+02,9.242563247680664062e-01,1.626968688964843750e+02,8.891897583007812500e+02,8.987861275672912598e-01,9.416952514648437500e+01,8.891897583007812500e+02,8.674219250679016113e-01,1.798287048339843750e+02,9.542907714843750000e+02,9.577468037605285645e-01,8.731678771972656250e+01,9.474379882812500000e+02,9.674457907676696777e-01,1.352859344482421875e+02,6.699022216796875000e+02,8.888848423957824707e-01,1.215804595947265625e+02,7.110186767578125000e+02,9.265630245208740234e-01,1.215804595947265625e+02,8.172360229492187500e+02,9.290050864219665527e-01,2.106660156250000000e+02,9.645698242187500000e+02,5.774171948432922363e-01,2.072396545410156250e+02,9.645698242187500000e+02,4.740738868713378906e-01,2.106660156250000000e+02,9.611434936523437500e+02,5.870543718338012695e-01,2.038132781982421875e+02,9.679962158203125000e+02,4.017268717288970947e-01,1.832550811767578125e+02,9.714226074218750000e+02,3.961703777313232422e-01,1.798287048339843750e+02,9.714226074218750000e+02,7.029975056648254395e-01,7.542664334012714278e+01,6.516655631750223847e+02,1.186899601373301749e+02,3.530782813947736258e+02,0.000000000000000000e+00,0.000000000000000000e+00,1.000000000000000000e+00
2.220300000000000000e+04,1.020000000000000000e+02,3.127000000000000000e+03,1.640000000000000000e+02,1.474311828613281250e+02,7.020855712890625000e+02,8.666564822196960449e-01,1.509282836914062500e+02,6.950913696289062500e+02,8.903391361236572266e-01,1.439340972900390625e+02,6.950913696289062500e+02,8.521586060523986816e-01,1.474311828613281250e+02,6.985885009765625000e+02,6.800721287727355957e-01,1.299457244873046875e+02,6.985885009765625000e+02,8.344506621360778809e-01,1.474311828613281250e+02,7.335593872070312500e+02,7.373772859573364258e-01,1.089631652832031250e+02,7.300623168945312500e+02,7.502235770225524902e-01,1.509282836914062500e+02,7.685303344726562500e+02,7.223570346832275391e-01,1.194544372558593750e+02,7.720274047851562500e+02,5.771074295043945312e-01,1.684137420654296875e+02,7.650332641601562500e+02,8.075637817382812500e-01,1.334428100585937500e+02,7.370565185546875000e+02,5.267242193222045898e-01,1.474311828613281250e+02,8.244838256835937500e+02,8.439257740974426270e-01,1.124602508544921875e+02,8.279808959960937500e+02,8.120558857917785645e-01,1.719108428955078125e+02,8.944257202148437500e+02,8.662979006767272949e-01,9.847187805175781250e+01,8.909285888671875000e+02,8.206652998924255371e-01,1.858992156982421875e+02,9.608704833984375000e+02,9.345195889472961426e-01,9.147769165039062500e+01,9.503792114257812500e+02,8.933229446411132812e-01,1.404369964599609375e+02,6.706117553710937500e+02,9.056901931762695312e-01,1.299457244873046875e+02,7.160739135742187500e+02,9.451296329498291016e-01,1.299457244873046875e+02,8.209867553710937500e+02,8.783281445503234863e-01,1.124602508544921875e+02,9.713617553710937500e+02,8.450246453285217285e-01,2.138759613037109375e+02,9.748588256835937500e+02,1.015739440917968750e+00,1.054660644531250000e+02,9.678646240234375000e+02,8.027593493461608887e-01,2.138759613037109375e+02,9.783559570312500000e+02,9.951650500297546387e-01,8.098641967773437500e+01,9.643675537109375000e+02,7.786512374877929688e-01,1.824021148681640625e+02,9.748588256835937500e+02,9.324880242347717285e-01,7.979334250186911959e+01,6.529430054748632983e+02,1.238319175047138287e+02,3.575791585994037405e+02,0.000000000000000000e+00,0.000000000000000000e+00,1.000000000000000000e+00
2.220400000000000000e+04,1.020000000000000000e+02,3.127000000000000000e+03,1.650000000000000000e+02,1.568115081787109375e+02,7.042396850585937500e+02,9.015150070190429688e-01,1.568115081787109375e+02,6.973453979492187500e+02,9.300137758255004883e-01,1.499172058105468750e+02,6.938982543945312500e+02,9.319360852241516113e-01,1.568115081787109375e+02,6.973453979492187500e+02,5.338811278343200684e-01,1.361286163330078125e+02,6.938982543945312500e+02,8.439776301383972168e-01,1.395757751464843750e+02,7.283696899414062500e+02,4.917961359024047852e-01,1.223400268554687500e+02,7.318168945312500000e+02,5.725146532058715820e-01,1.499172058105468750e+02,7.662883300781250000e+02,5.765247344970703125e-01,1.395757751464843750e+02,7.697354736328125000e+02,5.703210830688476562e-01,1.740472564697265625e+02,7.628411865234375000e+02,8.477888107299804688e-01,1.637058105468750000e+02,7.628411865234375000e+02,4.311980307102203369e-01,1.499172058105468750e+02,8.214427490234375000e+02,5.006956458091735840e-01,1.257871704101562500e+02,8.214427490234375000e+02,5.038057565689086914e-01,1.774944000244140625e+02,8.938328247070312500e+02,7.691351771354675293e-01,1.016571350097656250e+02,8.869385375976562500e+02,6.241388916969299316e-01,1.912829895019531250e+02,9.662229614257812500e+02,7.250458002090454102e-01,9.131568908691406250e+01,9.420929565429687500e+02,7.336080670356750488e-01,1.464700622558593750e+02,6.732153320312500000e+02,8.758369088172912598e-01,1.361286163330078125e+02,7.145811157226562500e+02,8.820940256118774414e-01,1.361286163330078125e+02,8.179956054687500000e+02,7.888818979263305664e-01,1.085514297485351562e+02,9.696701049804687500e+02,8.135496973991394043e-01,2.154130401611328125e+02,9.834587402343750000e+02,9.243097305297851562e-01,1.051042785644531250e+02,9.662229614257812500e+02,8.045681118965148926e-01,2.154130401611328125e+02,9.869058837890625000e+02,1.028315663337707520e+00,8.097424316406250000e+01,9.593286743164062500e+02,7.358568310737609863e-01,1.843887023925781250e+02,9.800115966796875000e+02,8.139904141426086426e-01,8.272748953166043862e+01,6.553107150243151864e+02,1.261976115564694112e+02,3.558518702924211539e+02,0.000000000000000000e+00,0.000000000000000000e+00,1.000000000000000000e+00
2.220500000000000000e+04,1.020000000000000000e+02,3.127000000000000000e+03,1.660000000000000000e+02,1.655995483398437500e+02,7.073559570312500000e+02,9.002764821052551270e-01,1.690808563232421875e+02,7.003933105468750000e+02,9.085445404052734375e-01,1.621182250976562500e+02,6.969119873046875000e+02,9.112169742584228516e-01,1.586369171142578125e+02,7.003933105468750000e+02,5.994859337806701660e-01,1.447116394042968750e+02,6.969119873046875000e+02,8.853442668914794922e-01,1.551555938720703125e+02,7.282438354492187500e+02,7.923917770385742188e-01,1.238237380981445312e+02,7.282438354492187500e+02,8.488712906837463379e-01,1.621182250976562500e+02,7.665383300781250000e+02,6.941084265708923340e-01,1.412303314208984375e+02,7.665383300781250000e+02,7.818752527236938477e-01,1.830061340332031250e+02,7.630570068359375000e+02,9.029525518417358398e-01,1.586369171142578125e+02,7.317251586914062500e+02,4.070219993591308594e-01,1.586369171142578125e+02,8.257207031250000000e+02,8.786386847496032715e-01,1.273050613403320312e+02,8.257207031250000000e+02,8.512659072875976562e-01,1.830061340332031250e+02,8.918657226562500000e+02,9.163257479667663574e-01,1.098984756469726562e+02,8.883843994140625000e+02,8.825525045394897461e-01,1.899687652587890625e+02,9.684547119140625000e+02,9.591259956359863281e-01,9.249188995361328125e+01,9.440855102539062500e+02,8.506293892860412598e-01,1.551555938720703125e+02,6.725427856445312500e+02,8.979859948158264160e-01,1.412303314208984375e+02,7.143186035156250000e+02,9.132027626037597656e-01,1.412303314208984375e+02,8.222393798828125000e+02,9.033886194229125977e-01,2.143379821777343750e+02,9.858612670898437500e+02,7.545941472053527832e-01,1.064171600341796875e+02,9.684547119140625000e+02,7.634782791137695312e-01,2.178192901611328125e+02,9.823800048828125000e+02,7.564697265625000000e-01,9.597320556640625000e+01,9.684547119140625000e+02,8.103527426719665527e-01,1.830061340332031250e+02,9.823800048828125000e+02,6.801896691322326660e-01,8.552925872802734375e+01,9.510481567382812500e+02,7.687673568725585938e-01,8.395495006787119507e+01,6.557110320114825299e+02,1.286513559756604081e+02,3.573304117754909157e+02,0.000000000000000000e+00,0.000000000000000000e+00,1.000000000000000000e+00
2.220600000000000000e+04,1.020000000000000000e+02,3.127000000000000000e+03,1.670000000000000000e+02,1.726929016113281250e+02,7.036652221679687500e+02,9.132902622222900391e-01,1.762081451416015625e+02,6.966347656250000000e+02,9.330175518989562988e-01,1.691776428222656250e+02,6.966347656250000000e+02,9.265213012695312500e-01,1.726929016113281250e+02,7.001500244140625000e+02,5.326364636421203613e-01,1.480861511230468750e+02,6.966347656250000000e+02,8.848268985748291016e-01,1.656623992919921875e+02,7.282719726562500000e+02,7.544476985931396484e-01,1.340251464843750000e+02,7.282719726562500000e+02,8.391288518905639648e-01,1.726929016113281250e+02,7.634244995117187500e+02,5.740017890930175781e-01,1.445708923339843750e+02,7.704550170898437500e+02,7.509512901306152344e-01,1.867538909912109375e+02,7.563939819335937500e+02,8.418051004409790039e-01,1.762081451416015625e+02,7.528787231445312500e+02,6.529136300086975098e-01,1.691776428222656250e+02,8.266989746093750000e+02,8.355088829994201660e-01,1.340251464843750000e+02,8.266989746093750000e+02,8.633313775062561035e-01,1.902691497802734375e+02,8.970039672851562500e+02,8.528358340263366699e-01,1.199641494750976562e+02,8.899735107421875000e+02,8.562187552452087402e-01,1.937843933105468750e+02,9.673090209960937500e+02,9.375052452087402344e-01,9.887265014648437500e+01,9.391870117187500000e+02,8.298372626304626465e-01,1.621471405029296875e+02,6.720280151367187500e+02,8.638585805892944336e-01,1.516013946533203125e+02,7.142109985351562500e+02,8.585092425346374512e-01,1.516013946533203125e+02,8.231837768554687500e+02,9.052643775939941406e-01,2.148759002685546875e+02,9.848852539062500000e+02,9.072805047035217285e-01,1.059031448364257812e+02,9.708242187500000000e+02,7.452909946441650391e-01,2.148759002685546875e+02,9.848852539062500000e+02,9.374984502792358398e-01,1.023879013061523438e+02,9.673090209960937500e+02,7.928120493888854980e-01,1.867538909912109375e+02,9.813699951171875000e+02,7.865019440650939941e-01,9.535739898681640625e+01,9.427022705078125000e+02,7.116313576698303223e-01,8.319402202722137929e+01,6.554382936956483263e+02,1.314686851182376586e+02,3.600611312312338441e+02,0.000000000000000000e+00,0.000000000000000000e+00,1.000000000000000000e+00
2.220700000000000000e+04,1.020000000000000000e+02,3.127000000000000000e+03,1.680000000000000000e+02,1.781443786621093750e+02,7.032055053710937500e+02,8.749834299087524414e-01,1.816750488281250000e+02,6.961441650390625000e+02,8.816874027252197266e-01,1.746137237548828125e+02,6.961441650390625000e+02,8.671599030494689941e-01,1.710830535888671875e+02,6.961441650390625000e+02,6.233236193656921387e-01,1.604910736083984375e+02,6.961441650390625000e+02,8.836833834648132324e-01,1.675523986816406250e+02,7.314508056640625000e+02,7.767056226730346680e-01,1.428377532958984375e+02,7.314508056640625000e+02,7.883616685867309570e-01,1.746137237548828125e+02,7.702880859375000000e+02,7.011099457740783691e-01,1.569604034423828125e+02,7.738187255859375000e+02,6.981326341629028320e-01,1.922670288085937500e+02,7.561654663085937500e+02,8.614267706871032715e-01,1.887363739013671875e+02,7.561654663085937500e+02,5.782379508018493652e-01,1.746137237548828125e+02,8.303093261718750000e+02,8.651742339134216309e-01,1.498990783691406250e+02,8.338400268554687500e+02,8.357943892478942871e-01,1.922670288085937500e+02,9.009226074218750000e+02,8.897736072540283203e-01,1.357764282226562500e+02,8.973919677734375000e+02,8.432383537292480469e-01,1.922670288085937500e+02,9.680051879882812500e+02,9.349217414855957031e-01,1.110617980957031250e+02,9.397598876953125000e+02,7.860252261161804199e-01,1.675523986816406250e+02,6.714295654296875000e+02,8.587731122970581055e-01,1.604910736083984375e+02,7.137974853515625000e+02,9.016056656837463379e-01,1.604910736083984375e+02,8.267786865234375000e+02,9.158424139022827148e-01,1.110617980957031250e+02,9.715358276367187500e+02,7.358238101005554199e-01,2.169816741943359375e+02,9.856585083007812500e+02,8.962866663932800293e-01,1.075311279296875000e+02,9.680051879882812500e+02,7.687118053436279297e-01,2.134510040283203125e+02,9.856585083007812500e+02,8.100650906562805176e-01,1.004698028564453125e+02,9.397598876953125000e+02,5.359765291213989258e-01,1.852057037353515625e+02,9.785971679687500000e+02,7.564830183982849121e-01,9.097659739017258573e+01,6.549096279661814606e+02,1.322275879083743462e+02,3.620312850372222329e+02,0.000000000000000000e+00,0.000000000000000000e+00,1.000000000000000000e+00
2.220800000000000000e+04,1.020000000000000000e+02,3.122000000000000000e+03,1.690000000000000000e+02,1.853109588623046875e+02,7.041803588867187500e+02,9.087322950363159180e-01,1.887946472167968750e+02,6.937292480468750000e+02,9.241144657135009766e-01,1.818272552490234375e+02,6.937292480468750000e+02,8.914177417755126953e-01,1.853109588623046875e+02,6.972129516601562500e+02,6.307308077812194824e-01,1.644087524414062500e+02,6.937292480468750000e+02,8.876423239707946777e-01,1.922783508300781250e+02,7.250825195312500000e+02,7.942307591438293457e-01,1.400228576660156250e+02,7.215988769531250000e+02,8.428064584732055664e-01,1.992457580566406250e+02,7.564358520507812500e+02,7.209786176681518555e-01,1.574413604736328125e+02,7.599195556640625000e+02,6.811253428459167480e-01,2.096968536376953125e+02,7.599195556640625000e+02,8.364938497543334961e-01,1.818272552490234375e+02,7.285662231445312500e+02,6.592164635658264160e-01,1.853109588623046875e+02,8.261098632812500000e+02,9.296118617057800293e-01,1.504739532470703125e+02,8.261098632812500000e+02,9.056686758995056152e-01,1.957620544433593750e+02,9.027512207031250000e+02,8.733369708061218262e-01,1.435065612792968750e+02,8.992675170898437500e+02,8.570013642311096191e-01,1.922783508300781250e+02,9.689415283203125000e+02,9.593293666839599609e-01,1.191206588745117188e+02,9.375882568359375000e+02,8.382112979888916016e-01,1.748598480224609375e+02,6.693433227539062500e+02,8.996178507804870605e-01,1.678924560546875000e+02,7.111477661132812500e+02,8.677085638046264648e-01,1.678924560546875000e+02,8.226261596679687500e+02,9.178214073181152344e-01,2.166642456054687500e+02,9.863600463867187500e+02,9.046192169189453125e-01,1.260880584716796875e+02,9.689415283203125000e+02,9.022592902183532715e-01,2.166642456054687500e+02,9.828763427734375000e+02,9.463371634483337402e-01,1.156369552612304688e+02,9.689415283203125000e+02,9.652771353721618652e-01,1.853109588623046875e+02,9.828763427734375000e+02,9.122563600540161133e-01,1.121532592773437500e+02,9.341045532226562500e+02,8.305959105491638184e-01,9.922540846921579316e+01,6.557814464456344012e+02,1.313155946881930731e+02,3.595288135053269798e+02,0.000000000000000000e+00,0.000000000000000000e+00,1.000000000000000000e+00
2.220900000000000000e+04,1.020000000000000000e+02,3.127000000000000000e+03,1.700000000000000000e+02,1.931805572509765625e+02,6.990754394531250000e+02,9.262959957122802734e-01,1.966880798339843750e+02,6.920603637695312500e+02,9.363384246826171875e-01,1.861654815673828125e+02,6.920603637695312500e+02,9.191988110542297363e-01,1.931805572509765625e+02,6.920603637695312500e+02,5.882419943809509277e-01,1.721353302001953125e+02,6.920603637695312500e+02,8.930283188819885254e-01,1.931805572509765625e+02,7.201206665039062500e+02,7.768485546112060547e-01,1.475825805664062500e+02,7.201206665039062500e+02,8.045934438705444336e-01,1.966880798339843750e+02,7.622111206054687500e+02,6.737923622131347656e-01,1.651202545166015625e+02,7.657186279296875000e+02,6.925297975540161133e-01,2.142257690429687500e+02,7.622111206054687500e+02,9.006463289260864258e-01,2.037031555175781250e+02,7.587035522460937500e+02,3.768705427646636963e-01,1.896730194091796875e+02,8.253467407226562500e+02,8.979005217552185059e-01,1.616127166748046875e+02,8.253467407226562500e+02,8.969452977180480957e-01,2.001956176757812500e+02,8.990050048828125000e+02,8.752573728561401367e-01,1.581051788330078125e+02,8.990050048828125000e+02,8.207991719245910645e-01,1.896730194091796875e+02,9.691557617187500000e+02,8.972133398056030273e-01,1.370599670410156250e+02,9.410954589843750000e+02,8.810360431671142578e-01,1.861654815673828125e+02,6.675076293945312500e+02,9.178147315979003906e-01,1.721353302001953125e+02,7.095980224609375000e+02,8.757765889167785645e-01,1.756428680419921875e+02,8.218392333984375000e+02,9.294751286506652832e-01,2.177333068847656250e+02,9.866934204101562500e+02,8.513534069061279297e-01,1.475825805664062500e+02,9.726632690429687500e+02,8.926256299018859863e-01,2.142257690429687500e+02,9.831859130859375000e+02,9.158443212509155273e-01,1.370599670410156250e+02,9.691557617187500000e+02,9.093055129051208496e-01,1.861654815673828125e+02,9.831859130859375000e+02,8.818678855895996094e-01,1.300448913574218750e+02,9.375879516601562500e+02,8.602675795555114746e-01,1.069939133062119652e+02,6.548651351462705179e+02,1.314894679669273501e+02,3.600631962868988012e+02,0.000000000000000000e+00,0.000000000000000000e+00,1.000000000000000000e+00
2.221000000000000000e+04,1.020000000000000000e+02,3.122000000000000000e+03,1.710000000000000000e+02,2.028784637451171875e+02,6.988386840820312500e+02,9.005509614944458008e-01,2.063264160156250000e+02,6.919428100585937500e+02,9.493778347969055176e-01,1.959825744628906250e+02,6.919428100585937500e+02,9.197605252265930176e-01,2.028784637451171875e+02,6.919428100585937500e+02,5.149882435798645020e-01,1.787428588867187500e+02,6.884948730468750000e+02,8.928875327110290527e-01,1.994305267333984375e+02,7.195263671875000000e+02,8.796808123588562012e-01,1.546072540283203125e+02,7.195263671875000000e+02,8.830514550209045410e-01,2.063264160156250000e+02,7.609016723632812500e+02,7.754224538803100586e-01,1.718469696044921875e+02,7.609016723632812500e+02,7.569040060043334961e-01,2.201181793212890625e+02,7.609016723632812500e+02,9.418766498565673828e-01,1.925346374511718750e+02,7.264222412109375000e+02,7.661629319190979004e-01,1.959825744628906250e+02,8.264125976562500000e+02,9.482917189598083496e-01,1.683990325927734375e+02,8.229646606445312500e+02,9.328236579895019531e-01,2.028784637451171875e+02,8.988194580078125000e+02,8.871192336082458496e-01,1.718469696044921875e+02,8.953714599609375000e+02,8.320695161819458008e-01,1.925346374511718750e+02,9.677783203125000000e+02,9.354962110519409180e-01,1.546072540283203125e+02,9.470906372070312500e+02,8.906403183937072754e-01,1.925346374511718750e+02,6.643592529296875000e+02,9.100559949874877930e-01,1.787428588867187500e+02,7.091825561523437500e+02,9.155263304710388184e-01,1.821908111572265625e+02,8.195167236328125000e+02,9.341429471969604492e-01,2.166702423095703125e+02,9.884659423828125000e+02,8.935962319374084473e-01,1.683990325927734375e+02,9.781221313476562500e+02,9.253696203231811523e-01,2.166702423095703125e+02,9.815700683593750000e+02,9.614225625991821289e-01,1.580552062988281250e+02,9.746741943359375000e+02,8.438420891761779785e-01,1.856387481689453125e+02,9.815700683593750000e+02,8.820127248764038086e-01,1.477113647460937500e+02,9.436427001953125000e+02,8.453825116157531738e-01,1.122319692566976386e+02,6.548705927191558658e+02,1.306652088589153209e+02,3.561736727893571697e+02,0.000000000000000000e+00,0.000000000000000000e+00,1.000000000000000000e+00
2.221100000000000000e+04,1.020000000000000000e+02,3.122000000000000000e+03,1.720000000000000000e+02,2.065987701416015625e+02,7.015824584960937500e+02,9.275736212730407715e-01,2.100923004150390625e+02,6.945953979492187500e+02,9.498761892318725586e-01,2.031052398681640625e+02,6.911018676757812500e+02,9.250764250755310059e-01,1.926246643066406250e+02,6.876083374023437500e+02,5.678625106811523438e-01,1.856376037597656250e+02,6.876083374023437500e+02,8.950500488281250000e-01,1.996117095947265625e+02,7.225435791015625000e+02,8.226183056831359863e-01,1.611829071044921875e+02,7.190500488281250000e+02,8.891751766204833984e-01,2.031052398681640625e+02,7.714530029296875000e+02,7.604925036430358887e-01,1.786505432128906250e+02,7.609724121093750000e+02,7.772823572158813477e-01,2.240664062500000000e+02,7.644659423828125000e+02,9.254965782165527344e-01,1.996117095947265625e+02,7.260371093750000000e+02,5.878653526306152344e-01,1.961181793212890625e+02,8.273494262695312500e+02,9.612852334976196289e-01,1.751570129394531250e+02,8.273494262695312500e+02,9.217868447303771973e-01,2.031052398681640625e+02,8.972199707031250000e+02,8.785119652748107910e-01,1.856376037597656250e+02,9.007135009765625000e+02,8.903359770774841309e-01,1.926246643066406250e+02,9.635969848632812500e+02,8.595628738403320312e-01,1.786505432128906250e+02,9.635969848632812500e+02,8.828095197677612305e-01,1.996117095947265625e+02,6.631536254882812500e+02,9.041062593460083008e-01,1.821440734863281250e+02,7.085694580078125000e+02,8.860336542129516602e-01,1.856376037597656250e+02,8.238558959960937500e+02,9.310326576232910156e-01,2.170793457031250000e+02,9.880516967773437500e+02,8.520982265472412109e-01,1.961181793212890625e+02,9.880516967773437500e+02,8.997046351432800293e-01,2.170793457031250000e+02,9.845581665039062500e+02,8.512097001075744629e-01,1.856376037597656250e+02,9.880516967773437500e+02,8.797420859336853027e-01,1.891311340332031250e+02,9.810646362304687500e+02,7.663696408271789551e-01,1.681699676513671875e+02,9.705840454101562500e+02,8.220878243446350098e-01,1.180843181935635897e+02,6.540084338531291905e+02,1.312303399184316390e+02,3.576933966619724288e+02,0.000000000000000000e+00,0.000000000000000000e+00,1.000000000000000000e+00
2.221200000000000000e+04,1.020000000000000000e+02,3.111000000000000000e+03,1.730000000000000000e+02,2.123033142089843750e+02,6.981271362304687500e+02,9.192436933517456055e-01,2.158744354248046875e+02,6.909849243164062500e+02,9.390508532524108887e-01,2.051610412597656250e+02,6.909849243164062500e+02,8.911811113357543945e-01,2.158744354248046875e+02,6.945560302734375000e+02,5.079032778739929199e-01,1.873053894042968750e+02,6.874137573242187500e+02,8.934205174446105957e-01,2.087321777343750000e+02,7.195539550781250000e+02,8.494566679000854492e-01,1.694497375488281250e+02,7.195539550781250000e+02,9.063659310340881348e-01,2.087321777343750000e+02,7.659786376953125000e+02,8.758465051651000977e-01,1.837342529296875000e+02,7.588364257812500000e+02,6.476907730102539062e-01,2.301589660644531250e+02,7.624075317382812500e+02,8.853665590286254883e-01,2.051610412597656250e+02,7.195539550781250000e+02,6.341852545738220215e-01,2.051610412597656250e+02,8.231167602539062500e+02,9.313699007034301758e-01,1.837342529296875000e+02,8.266878662109375000e+02,8.860990405082702637e-01,2.015899047851562500e+02,8.981105346679687500e+02,9.005445837974548340e-01,1.980187835693359375e+02,8.981105346679687500e+02,9.406226277351379395e-01,1.944476470947265625e+02,9.695331420898437500e+02,8.657439351081848145e-01,1.944476470947265625e+02,9.695331420898437500e+02,8.333333134651184082e-01,2.051610412597656250e+02,6.624158325195312500e+02,9.113349914550781250e-01,1.873053894042968750e+02,7.088405761718750000e+02,9.336833953857421875e-01,1.944476470947265625e+02,8.231167602539062500e+02,9.591586589813232422e-01,2.158744354248046875e+02,9.873887939453125000e+02,9.421332478523254395e-01,2.194455718994140625e+02,9.873887939453125000e+02,8.954668641090393066e-01,2.194455718994140625e+02,9.838176879882812500e+02,8.835906386375427246e-01,2.087321777343750000e+02,9.945310668945312500e+02,9.310287833213806152e-01,1.873053894042968750e+02,9.873887939453125000e+02,7.729855179786682129e-01,1.873053894042968750e+02,9.838176879882812500e+02,8.101813793182373047e-01,1.285272213752317896e+02,6.530714867499247021e+02,1.308153375801336722e+02,3.634486093662947042e+02,0.000000000000000000e+00,0.000000000000000000e+00,1.000000000000000000e+00
2.221300000000000000e+04,1.020000000000000000e+02,3.127000000000000000e+03,1.740000000000000000e+02,2.180950927734375000e+02,6.994722900390625000e+02,8.982142806053161621e-01,2.217885437011718750e+02,6.920853881835937500e+02,9.583232402801513672e-01,2.107081756591796875e+02,6.883919067382812500e+02,9.168626070022583008e-01,2.217885437011718750e+02,6.957788085937500000e+02,6.795241236686706543e-01,1.922409057617187500e+02,6.883919067382812500e+02,9.221708774566650391e-01,2.180950927734375000e+02,7.216329956054687500e+02,8.779799938201904297e-01,1.737736511230468750e+02,7.179395141601562500e+02,9.108073711395263672e-01,2.254819946289062500e+02,7.622609863281250000e+02,7.836681008338928223e-01,1.848540039062500000e+02,7.548740844726562500e+02,7.390954494476318359e-01,2.402558135986328125e+02,7.622609863281250000e+02,8.932043313980102539e-01,2.070147247314453125e+02,7.179395141601562500e+02,8.766664862632751465e-01,2.180950927734375000e+02,8.213562622070312500e+02,9.010937809944152832e-01,1.885474548339843750e+02,8.250496826171875000e+02,8.649380803108215332e-01,2.144016265869140625e+02,8.952252807617187500e+02,8.173528909683227539e-01,2.033212738037109375e+02,8.952252807617187500e+02,8.350970149040222168e-01,1.959343719482421875e+02,9.617074584960937500e+02,5.725633502006530762e-01,2.144016265869140625e+02,9.727878417968750000e+02,6.393218636512756348e-01,2.107081756591796875e+02,6.625377197265625000e+02,9.232864975929260254e-01,1.959343719482421875e+02,7.068591918945312500e+02,8.959547281265258789e-01,2.033212738037109375e+02,8.213562622070312500e+02,9.688076972961425781e-01,1.959343719482421875e+02,9.838681640625000000e+02,7.967021465301513672e-01,2.365623474121093750e+02,9.912551269531250000e+02,8.967091441154479980e-01,1.996278228759765625e+02,9.801747436523437500e+02,7.402020692825317383e-01,2.328688964843750000e+02,9.949485473632812500e+02,8.693572878837585449e-01,1.885474548339843750e+02,9.690943603515625000e+02,7.133822441101074219e-01,2.144016265869140625e+02,9.838681640625000000e+02,7.914539575576782227e-01,1.381317785005263659e+02,6.477542266095628065e+02,1.306594569311507144e+02,3.737783372336270986e+02,0.000000000000000000e+00,0.000000000000000000e+00,1.000000000000000000e+00
2.221400000000000000e+04,1.020000000000000000e+02,3.127000000000000000e+03,1.750000000000000000e+02,2.266556243896484375e+02,6.981528930664062500e+02,8.950867056846618652e-01,2.302621307373046875e+02,6.909398803710937500e+02,9.314309954643249512e-01,2.194426269531250000e+02,6.873333740234375000e+02,9.139647483825683594e-01,2.302621307373046875e+02,6.945463867187500000e+02,5.839702486991882324e-01,2.014101104736328125e+02,6.909398803710937500e+02,9.194528460502624512e-01,2.230491180419921875e+02,7.197919311523437500e+02,8.481379747390747070e-01,1.797710876464843750e+02,7.197919311523437500e+02,9.017071127891540527e-01,2.302621307373046875e+02,7.630699462890625000e+02,7.719013094902038574e-01,1.978036041259765625e+02,7.558569335937500000e+02,7.230406403541564941e-01,2.446881408691406250e+02,7.630699462890625000e+02,8.960933685302734375e-01,2.122296142578125000e+02,7.161854248046875000e+02,8.608332276344299316e-01,2.230491180419921875e+02,8.207739868164062500e+02,9.383405447006225586e-01,1.905906066894531250e+02,8.207739868164062500e+02,9.441429972648620605e-01,2.266556243896484375e+02,8.965104980468750000e+02,8.799589276313781738e-01,1.978036041259765625e+02,8.965104980468750000e+02,8.267549872398376465e-01,2.410816345214843750e+02,9.686405639648437500e+02,5.323879718780517578e-01,1.905906066894531250e+02,9.614275512695312500e+02,6.967355012893676758e-01,2.194426269531250000e+02,6.656943359375000000e+02,8.953594565391540527e-01,2.014101104736328125e+02,7.089724121093750000e+02,9.027450680732727051e-01,2.050166168212890625e+02,8.171674804687500000e+02,9.695653915405273438e-01,2.122296142578125000e+02,9.866730957031250000e+02,9.774996042251586914e-01,2.663271484375000000e+02,9.902796020507812500e+02,7.765706181526184082e-01,2.122296142578125000e+02,9.830665893554687500e+02,8.061134219169616699e-01,2.591141357421875000e+02,9.938861083984375000e+02,6.958258748054504395e-01,1.833775939941406250e+02,9.758535766601562500e+02,6.860394477844238281e-01,2.374751281738281250e+02,9.902796020507812500e+02,6.874063014984130859e-01,1.481984799882517621e+02,6.504121670480628836e+02,1.289171300017678448e+02,3.718530823199207589e+02,0.000000000000000000e+00,0.000000000000000000e+00,1.000000000000000000e+00
2.221500000000000000e+04,1.020000000000000000e+02,3.122000000000000000e+03,1.760000000000000000e+02,2.300735778808593750e+02,7.022614746093750000e+02,9.250817298889160156e-01,2.336187744140625000e+02,6.951710205078125000e+02,9.070274829864501953e-01,2.229831695556640625e+02,6.916258544921875000e+02,9.287352561950683594e-01,2.371639709472656250e+02,6.987162475585937500e+02,6.557227969169616699e-01,2.088023681640625000e+02,6.916258544921875000e+02,8.990761637687683105e-01,2.300735778808593750e+02,7.235326538085937500e+02,8.565858006477355957e-01,1.875311584472656250e+02,7.270778808593750000e+02,9.224565625190734863e-01,2.371639709472656250e+02,7.625298461914062500e+02,7.434229850769042969e-01,2.052571563720703125e+02,7.660750732421875000e+02,8.390967845916748047e-01,2.548899841308593750e+02,7.660750732421875000e+02,9.057166576385498047e-01,2.229831695556640625e+02,7.199874267578125000e+02,8.501645326614379883e-01,2.229831695556640625e+02,8.263435058593750000e+02,8.655208349227905273e-01,2.017119598388671875e+02,8.263435058593750000e+02,9.086538553237915039e-01,2.088023681640625000e+02,9.007927246093750000e+02,6.718394160270690918e-01,2.300735778808593750e+02,9.043379516601562500e+02,8.016372323036193848e-01,1.910763549804687500e+02,9.610611572265625000e+02,8.307710289955139160e-01,2.584351806640625000e+02,9.823323974609375000e+02,8.229662775993347168e-01,2.229831695556640625e+02,6.668094482421875000e+02,8.843241930007934570e-01,2.088023681640625000e+02,7.128970336914062500e+02,9.219122529029846191e-01,2.123475646972656250e+02,8.227982788085937500e+02,9.273212552070617676e-01,2.123475646972656250e+02,9.858775634765625000e+02,9.299836158752441406e-01,2.867967834472656250e+02,9.858775634765625000e+02,9.684209823608398438e-01,2.158927612304687500e+02,9.823323974609375000e+02,9.131914377212524414e-01,2.797063903808593750e+02,9.894227905273437500e+02,9.153508543968200684e-01,1.839859466552734375e+02,9.787871704101562500e+02,8.673050999641418457e-01,2.548899841308593750e+02,9.965131835937500000e+02,9.116190075874328613e-01,1.592060786491285569e+02,6.546995102621801834e+02,1.275340317702611799e+02,3.668519421583879421e+02,0.000000000000000000e+00,0.000000000000000000e+00,1.000000000000000000e+00
2.221600000000000000e+04,1.020000000000000000e+02,3.127000000000000000e+03,1.770000000000000000e+02,2.402027130126953125e+02,7.037836303710937500e+02,9.061555862426757812e-01,2.438529663085937500e+02,6.964831542968750000e+02,9.466441869735717773e-01,2.329021911621093750e+02,6.928328857421875000e+02,9.122303128242492676e-01,2.475032196044921875e+02,7.001333618164062500e+02,6.976923346519470215e-01,2.183011779785156250e+02,6.964831542968750000e+02,8.716025352478027344e-01,2.365524597167968750e+02,7.293353881835937500e+02,8.505163192749023438e-01,2.000499114990234375e+02,7.329856567382812500e+02,9.120247364044189453e-01,2.402027130126953125e+02,7.694882202148437500e+02,8.287088871002197266e-01,2.037001647949218750e+02,7.731384887695312500e+02,6.027982234954833984e-01,2.584539794921875000e+02,7.694882202148437500e+02,9.038394093513488770e-01,2.511534729003906250e+02,7.694882202148437500e+02,4.605644643306732178e-01,2.256016845703125000e+02,8.315425415039062500e+02,7.888189554214477539e-01,2.110006713867187500e+02,8.315425415039062500e+02,8.954919576644897461e-01,2.110006713867187500e+02,9.008973999023437500e+02,8.169242143630981445e-01,2.402027130126953125e+02,9.081978759765625000e+02,8.082809448242187500e-01,1.927494049072265625e+02,9.629517211914062500e+02,9.114430546760559082e-01,2.657544860839843750e+02,9.812030029296875000e+02,8.542749285697937012e-01,2.329021911621093750e+02,6.709313354492187500e+02,8.653784394264221191e-01,2.183011779785156250e+02,7.147343750000000000e+02,9.175307750701904297e-01,2.183011779785156250e+02,8.278922729492187500e+02,9.143321514129638672e-01,2.183011779785156250e+02,9.848532104492187500e+02,9.629107117652893066e-01,2.986067810058593750e+02,9.885034790039062500e+02,9.504570364952087402e-01,2.183011779785156250e+02,9.812030029296875000e+02,9.327474832534790039e-01,2.913062744140625000e+02,9.958040161132812500e+02,9.128695130348205566e-01,1.817986297607421875e+02,9.775527343750000000e+02,8.386278748512268066e-01,2.657544860839843750e+02,9.994542236328125000e+02,8.450908064842224121e-01,1.682837632884862273e+02,6.588909698440164675e+02,1.298376701099937804e+02,3.719625556331576490e+02,0.000000000000000000e+00,0.000000000000000000e+00,1.000000000000000000e+00
2.221700000000000000e+04,1.020000000000000000e+02,3.112000000000000000e+03,1.780000000000000000e+02,2.464165954589843750e+02,7.071274414062500000e+02,9.512855410575866699e-01,2.500618896484375000e+02,6.998369140625000000e+02,9.487605094909667969e-01,2.391260375976562500e+02,6.998369140625000000e+02,9.677794575691223145e-01,2.500618896484375000e+02,7.034821777343750000e+02,5.798593163490295410e-01,2.208996582031250000e+02,6.998369140625000000e+02,9.651224613189697266e-01,2.427713317871093750e+02,7.362896728515625000e+02,8.931794166564941406e-01,2.026732482910156250e+02,7.362896728515625000e+02,8.908901214599609375e-01,2.500618896484375000e+02,7.727424926757812500e+02,6.867308020591735840e-01,2.136091003417968750e+02,7.800330200195312500e+02,7.470999360084533691e-01,2.682882690429687500e+02,7.727424926757812500e+02,8.646441102027893066e-01,2.573524475097656250e+02,7.763877563476562500e+02,4.244647324085235596e-01,2.354807739257812500e+02,8.383574829101562500e+02,6.988583803176879883e-01,2.208996582031250000e+02,8.383574829101562500e+02,7.395570874214172363e-01,2.136091003417968750e+02,9.039725341796875000e+02,7.394229173660278320e-01,2.500618896484375000e+02,9.149083862304687500e+02,7.851798534393310547e-01,1.917374267578125000e+02,9.622969970703125000e+02,8.018219470977783203e-01,2.719335632324218750e+02,9.914592285156250000e+02,7.979487776756286621e-01,2.354807739257812500e+02,6.743199462890625000e+02,8.636589050292968750e-01,2.245449218750000000e+02,7.217085571289062500e+02,9.485346078872680664e-01,2.245449218750000000e+02,8.347122192382812500e+02,8.874284029006958008e-01,2.172543640136718750e+02,9.878139648437500000e+02,9.345476627349853516e-01,3.010957946777343750e+02,1.002395080566406250e+03,9.288968443870544434e-01,2.172543640136718750e+02,9.841686401367187500e+02,9.028654694557189941e-01,2.938052368164062500e+02,1.006040344238281250e+03,9.054798483848571777e-01,1.844468688964843750e+02,9.732328491210937500e+02,8.060268163681030273e-01,2.682882690429687500e+02,1.002395080566406250e+03,9.095286726951599121e-01,1.730762362070741460e+02,6.602978276000085316e+02,1.308486721031321167e+02,3.734912804556577157e+02,0.000000000000000000e+00,0.000000000000000000e+00,1.000000000000000000e+00
2.221800000000000000e+04,1.020000000000000000e+02,3.112000000000000000e+03,1.790000000000000000e+02,2.541309204101562500e+02,7.069513549804687500e+02,9.185093641281127930e-01,2.578037414550781250e+02,6.996057128906250000e+02,9.267395138740539551e-01,2.467852935791015625e+02,6.996057128906250000e+02,9.315499067306518555e-01,2.578037414550781250e+02,7.069513549804687500e+02,5.155818462371826172e-01,2.247484283447265625e+02,6.996057128906250000e+02,9.581525921821594238e-01,2.467852935791015625e+02,7.400066528320312500e+02,7.943451404571533203e-01,2.100571899414062500e+02,7.400066528320312500e+02,9.123733639717102051e-01,2.578037414550781250e+02,7.877531738281250000e+02,5.886268019676208496e-01,2.174028167724609375e+02,7.840803833007812500e+02,6.606476306915283203e-01,2.798406066894531250e+02,7.767347412109375000e+02,8.699219226837158203e-01,2.614765319824218750e+02,7.767347412109375000e+02,4.917786419391632080e-01,2.394396820068359375e+02,8.391725463867187500e+02,7.118439674377441406e-01,2.320940551757812500e+02,8.391725463867187500e+02,7.843824625015258789e-01,2.210756225585937500e+02,9.052831420898437500e+02,7.055609226226806641e-01,2.578037414550781250e+02,9.126287231445312500e+02,7.567161321640014648e-01,1.916931304931640625e+02,9.603753051757812500e+02,8.011261820793151855e-01,2.761677856445312500e+02,9.897577514648437500e+02,7.061651945114135742e-01,2.431124877929687500e+02,6.738960571289062500e+02,8.679346442222595215e-01,2.320940551757812500e+02,7.216425781250000000e+02,9.390843510627746582e-01,2.320940551757812500e+02,8.354996948242187500e+02,8.644003272056579590e-01,2.174028167724609375e+02,9.860849609375000000e+02,9.580206871032714844e-01,3.018774719238281250e+02,1.011794616699218750e+03,9.607019424438476562e-01,2.174028167724609375e+02,9.824121704101562500e+02,8.877984881401062012e-01,2.945318298339843750e+02,1.011794616699218750e+03,8.743046522140502930e-01,1.843475189208984375e+02,9.713937377929687500e+02,8.771929144859313965e-01,2.688221740722656250e+02,1.004449035644531250e+03,9.031300544738769531e-01,1.743748589439552461e+02,6.604745492998628151e+02,1.321065487595986951e+02,3.758518636505949644e+02,0.000000000000000000e+00,0.000000000000000000e+00,1.000000000000000000e+00
2.221900000000000000e+04,1.020000000000000000e+02,3.112000000000000000e+03,1.800000000000000000e+02,2.643412780761718750e+02,7.099245605468750000e+02,9.013123512268066406e-01,2.643412780761718750e+02,7.025769042968750000e+02,9.234122037887573242e-01,2.569935607910156250e+02,7.025769042968750000e+02,9.045280218124389648e-01,2.643412780761718750e+02,7.062507324218750000e+02,5.180585384368896484e-01,2.349504852294921875e+02,7.025769042968750000e+02,9.351572394371032715e-01,2.606674194335937500e+02,7.393153686523437500e+02,8.306813240051269531e-01,2.165812377929687500e+02,7.393153686523437500e+02,8.986306190490722656e-01,2.680151062011718750e+02,7.907492675781250000e+02,6.158273220062255859e-01,2.349504852294921875e+02,7.834015502929687500e+02,6.392141580581665039e-01,2.863843688964843750e+02,7.797277221679687500e+02,8.696744441986083984e-01,2.606674194335937500e+02,7.503369140625000000e+02,3.860255479812622070e-01,2.533197174072265625e+02,8.421831054687500000e+02,8.704161047935485840e-01,2.312766265869140625e+02,8.421831054687500000e+02,8.810313344001770020e-01,2.643412780761718750e+02,9.156600952148437500e+02,8.696774840354919434e-01,2.276027832031250000e+02,9.119862670898437500e+02,7.839758396148681641e-01,2.753628234863281250e+02,9.891370849609375000e+02,7.498833537101745605e-01,2.018858489990234375e+02,9.560724487304687500e+02,7.015414834022521973e-01,2.496458740234375000e+02,6.731860961914062500e+02,8.769504427909851074e-01,2.386243286132812500e+02,7.246199951171875000e+02,9.124507904052734375e-01,2.422981719970703125e+02,8.385092773437500000e+02,9.032437801361083984e-01,2.129073944091796875e+02,9.891370849609375000e+02,8.763877153396606445e-01,3.010797424316406250e+02,1.011180175781250000e+03,8.689657449722290039e-01,2.092335357666015625e+02,9.817893676757812500e+02,7.615957856178283691e-01,2.974059143066406250e+02,1.011180175781250000e+03,7.931353449821472168e-01,1.908643035888671875e+02,9.597462768554687500e+02,8.832962512969970703e-01,2.680151062011718750e+02,1.003832458496093750e+03,7.711139917373657227e-01,1.793019129707859634e+02,6.600551913495937697e+02,1.317624083407610556e+02,3.767494980943299652e+02,0.000000000000000000e+00,0.000000000000000000e+00,1.000000000000000000e+00
2.222000000000000000e+04,1.020000000000000000e+02,3.127000000000000000e+03,1.810000000000000000e+02,2.679443664550781250e+02,7.077401733398437500e+02,9.076565504074096680e-01,2.716454772949218750e+02,7.003379516601562500e+02,9.156666994094848633e-01,2.605421752929687500e+02,7.003379516601562500e+02,9.234874248504638672e-01,2.716454772949218750e+02,7.040390625000000000e+02,6.172252297401428223e-01,2.420366668701171875e+02,7.003379516601562500e+02,9.256501197814941406e-01,2.642432861328125000e+02,7.336478881835937500e+02,8.216695189476013184e-01,2.272322540283203125e+02,7.336478881835937500e+02,9.117162823677062988e-01,2.679443664550781250e+02,7.780610961914062500e+02,6.759782433509826660e-01,2.383355560302734375e+02,7.817622070312500000e+02,7.796065211296081543e-01,2.938520812988281250e+02,7.743599853515625000e+02,8.968782424926757812e-01,2.753465881347656250e+02,7.706588745117187500e+02,6.608639955520629883e-01,2.605421752929687500e+02,8.409798583984375000e+02,8.422272801399230957e-01,2.420366668701171875e+02,8.409798583984375000e+02,8.305177688598632812e-01,2.679443664550781250e+02,9.150018920898437500e+02,8.001061081886291504e-01,2.383355560302734375e+02,9.150018920898437500e+02,7.407019734382629395e-01,2.753465881347656250e+02,9.927250366210937500e+02,5.889360308647155762e-01,2.050256500244140625e+02,9.557139892578125000e+02,5.035976767539978027e-01,2.605421752929687500e+02,6.744302368164062500e+02,8.791363239288330078e-01,2.457377624511718750e+02,7.225445556640625000e+02,9.137442111968994141e-01,2.494388732910156250e+02,8.372787475585937500e+02,9.003285169601440430e-01,2.161289520263671875e+02,9.890239257812500000e+02,6.879296302795410156e-01,3.049553833007812500e+02,1.011230529785156250e+03,9.223060607910156250e-01,2.124278564453125000e+02,9.853228149414062500e+02,7.219888567924499512e-01,2.975531921386718750e+02,1.014931640625000000e+03,8.515329360961914062e-01,1.939223327636718750e+02,9.520128784179687500e+02,8.225372433662414551e-01,2.679443664550781250e+02,1.007529418945312500e+03,7.152889966964721680e-01,1.831442874309386752e+02,6.581969137342821341e+02,1.317252199234143291e+02,3.788519376675285457e+02,0.000000000000000000e+00,0.000000000000000000e+00,1.000000000000000000e+00
2.222100000000000000e+04,1.020000000000000000e+02,3.108000000000000000e+03,1.820000000000000000e+02,2.752570190429687500e+02,7.094849853515625000e+02,9.177372455596923828e-01,2.788194274902343750e+02,7.023601074218750000e+02,9.343806505203247070e-01,2.681321411132812500e+02,7.023601074218750000e+02,9.031253457069396973e-01,2.823818664550781250e+02,7.023601074218750000e+02,6.435219049453735352e-01,2.503199462890625000e+02,7.023601074218750000e+02,9.214630722999572754e-01,2.752570190429687500e+02,7.344220581054687500e+02,8.645247817039489746e-01,2.325077667236328125e+02,7.344220581054687500e+02,8.822940587997436523e-01,2.823818664550781250e+02,7.700463867187500000e+02,6.474734544754028320e-01,2.503199462890625000e+02,7.807337036132812500e+02,6.947320699691772461e-01,3.001940612792968750e+02,7.700463867187500000e+02,8.591777086257934570e-01,2.859443054199218750e+02,7.700463867187500000e+02,6.974212527275085449e-01,2.681321411132812500e+02,8.412951049804687500e+02,8.732874989509582520e-01,2.538823852539062500e+02,8.412951049804687500e+02,8.362427353858947754e-01,2.716945800781250000e+02,9.125438842773437500e+02,8.103662133216857910e-01,2.610072631835937500e+02,9.161063232421875000e+02,7.687789797782897949e-01,2.146955871582031250e+02,9.481682128906250000e+02,7.193467020988464355e-01,2.752570190429687500e+02,9.944799194335937500e+02,7.590414881706237793e-01,2.681321411132812500e+02,6.702981567382812500e+02,8.762170672416687012e-01,2.574448242187500000e+02,7.201723022460937500e+02,8.987194895744323730e-01,2.610072631835937500e+02,8.377327270507812500e+02,8.888255357742309570e-01,2.182580261230468750e+02,9.837926025390625000e+02,7.254857420921325684e-01,3.037565002441406250e+02,1.008729675292968750e+03,6.240943670272827148e-01,2.182580261230468750e+02,9.766677246093750000e+02,7.330036163330078125e-01,2.966316223144531250e+02,1.012292053222656250e+03,5.605949163436889648e-01,2.040082702636718750e+02,9.446057739257812500e+02,8.051707744598388672e-01,2.716945800781250000e+02,1.008729675292968750e+03,6.479608416557312012e-01,1.915332359015689292e+02,6.575333314118578301e+02,1.279846021400830693e+02,3.702585914318982532e+02,0.000000000000000000e+00,0.000000000000000000e+00,1.000000000000000000e+00
2.222200000000000000e+04,1.020000000000000000e+02,3.109000000000000000e+03,1.830000000000000000e+02,2.833892517089843750e+02,7.078031005859375000e+02,9.168399572372436523e-01,2.869514770507812500e+02,7.006785888671875000e+02,9.222345352172851562e-01,2.762647705078125000e+02,6.971163940429687500e+02,9.077836275100708008e-01,2.905137329101562500e+02,7.006785888671875000e+02,5.827456712722778320e-01,2.584535827636718750e+02,7.006785888671875000e+02,9.060901999473571777e-01,2.798269958496093750e+02,7.327387695312500000e+02,8.039210438728332520e-01,2.406423950195312500e+02,7.327387695312500000e+02,8.818444013595581055e-01,2.833892517089843750e+02,7.754855957031250000e+02,7.113790512084960938e-01,2.584535827636718750e+02,7.754855957031250000e+02,6.763415932655334473e-01,3.083249206542968750e+02,7.719233398437500000e+02,8.969970941543579102e-01,2.940759582519531250e+02,7.612366333007812500e+02,7.632916569709777832e-01,2.727025451660156250e+02,8.396058959960937500e+02,8.632902503013610840e-01,2.584535827636718750e+02,8.396058959960937500e+02,8.636137247085571289e-01,2.798269958496093750e+02,9.108506469726562500e+02,8.211073279380798340e-01,2.655780639648437500e+02,9.108506469726562500e+02,7.860198020935058594e-01,2.263934326171875000e+02,9.464730224609375000e+02,7.565324306488037109e-01,2.762647705078125000e+02,9.963443603515625000e+02,7.098469138145446777e-01,2.762647705078125000e+02,6.686184692382812500e+02,8.698284029960632324e-01,2.620158081054687500e+02,7.184898071289062500e+02,8.956546187400817871e-01,2.655780639648437500e+02,8.360436401367187500e+02,9.172037839889526367e-01,3.047626647949218750e+02,1.014155578613281250e+03,6.040481925010681152e-01,2.370801544189453125e+02,9.856576538085937500e+02,5.092198252677917480e-01,3.047626647949218750e+02,1.010593322753906250e+03,6.628473401069641113e-01,2.299556732177734375e+02,9.820953979492187500e+02,5.212742090225219727e-01,2.157067260742187500e+02,9.429107666015625000e+02,6.938816905021667480e-01,2.192689666748046875e+02,9.464730224609375000e+02,4.981752038002014160e-01,1.998622011006061143e+02,6.561579106072636023e+02,1.265336289681511062e+02,3.668668128038343639e+02,0.000000000000000000e+00,0.000000000000000000e+00,1.000000000000000000e+00
2.222300000000000000e+04,1.020000000000000000e+02,3.122000000000000000e+03,1.840000000000000000e+02,2.898270568847656250e+02,7.029583740234375000e+02,8.902522325515747070e-01,2.933807678222656250e+02,6.958509521484375000e+02,9.258713722229003906e-01,2.862733764648437500e+02,6.958509521484375000e+02,8.806632161140441895e-01,2.969344482421875000e+02,6.958509521484375000e+02,5.898644328117370605e-01,2.649512329101562500e+02,6.922973022460937500e+02,9.004146456718444824e-01,2.898270568847656250e+02,7.242805175781250000e+02,8.004821538925170898e-01,2.471827545166015625e+02,7.278342285156250000e+02,8.295329809188842773e-01,2.862733764648437500e+02,7.704785156250000000e+02,7.671406269073486328e-01,2.613975219726562500e+02,7.740321655273437500e+02,6.825127005577087402e-01,3.147029113769531250e+02,7.669248046875000000e+02,8.812237977981567383e-01,3.004881286621093750e+02,7.669248046875000000e+02,6.826996207237243652e-01,2.791659851074218750e+02,8.344449462890625000e+02,7.664690017700195312e-01,2.685049133300781250e+02,8.379986572265625000e+02,8.157970309257507324e-01,2.791659851074218750e+02,9.055187988281250000e+02,8.358976840972900391e-01,2.756123046875000000e+02,9.090725097656250000e+02,8.121873736381530762e-01,2.436290740966796875e+02,9.481630859375000000e+02,8.708846569061279297e-01,2.756123046875000000e+02,9.908073730468750000e+02,8.223815560340881348e-01,2.827196655273437500e+02,6.674214477539062500e+02,8.740889430046081543e-01,2.685049133300781250e+02,7.136194458007812500e+02,8.612842559814453125e-01,2.720585937500000000e+02,8.308912353515625000e+02,8.866825699806213379e-01,2.542901458740234375e+02,9.837000122070312500e+02,8.600934147834777832e-01,3.004881286621093750e+02,1.008575866699218750e+03,7.638677954673767090e-01,2.507364501953125000e+02,9.837000122070312500e+02,8.486998677253723145e-01,2.969344482421875000e+02,1.008575866699218750e+03,7.486014962196350098e-01,2.329679870605468750e+02,9.481630859375000000e+02,8.896785974502563477e-01,2.720585937500000000e+02,1.001468444824218750e+03,7.243330478668212891e-01,2.092709266813490387e+02,6.548710833704502647e+02,1.262480206782442167e+02,3.649967584666813991e+02,0.000000000000000000e+00,0.000000000000000000e+00,1.000000000000000000e+00
2.222400000000000000e+04,1.020000000000000000e+02,3.111000000000000000e+03,1.850000000000000000e+02,3.018282775878906250e+02,7.025307617187500000e+02,9.083733558654785156e-01,3.053694152832031250e+02,6.954484863281250000e+02,9.258384704589843750e-01,2.947460021972656250e+02,6.919073486328125000e+02,8.996961116790771484e-01,3.089105529785156250e+02,6.954484863281250000e+02,5.265340209007263184e-01,2.770403442382812500e+02,6.919073486328125000e+02,8.881481885910034180e-01,2.982871398925781250e+02,7.237775878906250000e+02,7.978931069374084473e-01,2.557935485839843750e+02,7.237775878906250000e+02,9.106751680374145508e-01,2.982871398925781250e+02,7.698123168945312500e+02,7.716919183731079102e-01,2.699580993652343750e+02,7.698123168945312500e+02,5.668766498565673828e-01,3.230750732421875000e+02,7.698123168945312500e+02,8.973894715309143066e-01,3.053694152832031250e+02,7.556477661132812500e+02,4.482113420963287354e-01,2.912048950195312500e+02,8.370938110351562500e+02,8.685776591300964355e-01,2.734992065429687500e+02,8.370938110351562500e+02,8.492066860198974609e-01,2.876637573242187500e+02,9.079164428710937500e+02,8.474300503730773926e-01,2.805814819335937500e+02,9.114575805664062500e+02,8.696081042289733887e-01,2.664169616699218750e+02,9.610334472656250000e+02,6.836699247360229492e-01,2.770403442382812500e+02,9.964447631835937500e+02,7.680959105491638184e-01,2.947460021972656250e+02,6.635783081054687500e+02,8.743030428886413574e-01,2.770403442382812500e+02,7.096130371093750000e+02,8.719533085823059082e-01,2.805814819335937500e+02,8.335526733398437500e+02,9.087786674499511719e-01,3.018282775878906250e+02,1.010609313964843750e+03,8.256191611289978027e-01,2.982871398925781250e+02,1.010609313964843750e+03,7.311735153198242188e-01,3.018282775878906250e+02,1.007068176269531250e+03,8.516260385513305664e-01,2.912048950195312500e+02,1.014150451660156250e+03,7.239142060279846191e-01,2.522524261474609375e+02,9.610334472656250000e+02,6.466888189315795898e-01,2.699580993652343750e+02,1.010609313964843750e+03,6.708476543426513672e-01,2.184795246170662608e+02,6.542243291384750137e+02,1.255792528434965334e+02,3.634337588463299653e+02,0.000000000000000000e+00,0.000000000000000000e+00,1.000000000000000000e+00
2.222500000000000000e+04,1.020000000000000000e+02,3.122000000000000000e+03,1.860000000000000000e+02,3.099346618652343750e+02,7.007651977539062500e+02,8.787564039230346680e-01,3.136018981933593750e+02,6.934307861328125000e+02,9.066753983497619629e-01,3.026002197265625000e+02,6.934307861328125000e+02,8.616347312927246094e-01,3.136018981933593750e+02,6.970980224609375000e+02,5.140879750251770020e-01,2.842640686035156250e+02,6.897635498046875000e+02,8.795419335365295410e-01,3.062674560546875000e+02,7.227686157226562500e+02,7.888774275779724121e-01,2.622607116699218750e+02,7.227686157226562500e+02,8.850357532501220703e-01,3.062674560546875000e+02,7.777769775390625000e+02,7.360911965370178223e-01,2.842640686035156250e+02,7.741098022460937500e+02,5.554612278938293457e-01,3.319380493164062500e+02,7.667753295898437500e+02,8.845480680465698242e-01,3.026002197265625000e+02,7.301030273437500000e+02,6.460289359092712402e-01,2.989329833984375000e+02,8.401198730468750000e+02,8.653539419174194336e-01,2.769296264648437500e+02,8.401198730468750000e+02,8.540636897087097168e-01,2.989329833984375000e+02,9.171316528320312500e+02,8.390557169914245605e-01,2.805968627929687500e+02,9.207988891601562500e+02,8.580679297447204590e-01,2.915985412597656250e+02,9.868089599609375000e+02,8.367082476615905762e-01,2.769296264648437500e+02,9.904761962890625000e+02,8.521863222122192383e-01,3.026002197265625000e+02,6.640929565429687500e+02,8.998895883560180664e-01,2.842640686035156250e+02,7.117669067382812500e+02,8.645733594894409180e-01,2.842640686035156250e+02,8.364526367187500000e+02,9.085133075714111328e-01,3.136018981933593750e+02,1.005145080566406250e+03,8.008833527565002441e-01,3.026002197265625000e+02,1.005145080566406250e+03,8.845752477645874023e-01,3.136018981933593750e+02,1.001477905273437500e+03,8.055899143218994141e-01,2.952657775878906250e+02,1.008812316894531250e+03,8.685905337333679199e-01,2.879313049316406250e+02,1.001477905273437500e+03,6.771098971366882324e-01,2.695951843261718750e+02,1.005145080566406250e+03,7.950392365455627441e-01,2.251867153031678015e+02,6.516747321864359037e+02,1.281375781269047422e+02,3.714072216995720055e+02,0.000000000000000000e+00,0.000000000000000000e+00,1.000000000000000000e+00
2.222600000000000000e+04,1.020000000000000000e+02,3.122000000000000000e+03,1.870000000000000000e+02,3.232761840820312500e+02,7.007896118164062500e+02,8.629067540168762207e-01,3.232761840820312500e+02,6.900191650390625000e+02,9.124383926391601562e-01,3.160958862304687500e+02,6.900191650390625000e+02,9.021438360214233398e-01,3.125057373046875000e+02,6.900191650390625000e+02,4.635322093963623047e-01,2.981451721191406250e+02,6.900191650390625000e+02,8.845829367637634277e-01,3.160958862304687500e+02,7.259205932617187500e+02,8.367822170257568359e-01,2.694240112304687500e+02,7.223304443359375000e+02,8.635371923446655273e-01,3.160958862304687500e+02,7.690023193359375000e+02,6.625105142593383789e-01,2.945550231933593750e+02,7.654121704101562500e+02,7.483397126197814941e-01,3.412268981933593750e+02,7.690023193359375000e+02,9.374427795410156250e-01,3.125057373046875000e+02,7.259205932617187500e+02,8.447719216346740723e-01,3.125057373046875000e+02,8.372150878906250000e+02,9.085371494293212891e-01,2.801944580078125000e+02,8.372150878906250000e+02,8.813104033470153809e-01,3.268663330078125000e+02,9.126080932617187500e+02,9.007257819175720215e-01,2.766043090820312500e+02,9.197883911132812500e+02,8.940269351005554199e-01,3.160958862304687500e+02,9.844109497070312500e+02,8.847938179969787598e-01,2.766043090820312500e+02,9.915912475585937500e+02,8.537575602531433105e-01,3.089155883789062500e+02,6.612980346679687500e+02,8.844411969184875488e-01,2.945550231933593750e+02,7.079699096679687500e+02,8.803998231887817383e-01,2.945550231933593750e+02,8.336249389648437500e+02,9.599567651748657227e-01,3.412268981933593750e+02,1.005951843261718750e+03,8.787563443183898926e-01,3.089155883789062500e+02,1.013132080078125000e+03,8.734146356582641602e-01,3.448170471191406250e+02,9.987715454101562500e+02,8.869330286979675293e-01,3.017353210449218750e+02,1.016722229003906250e+03,8.703693747520446777e-01,3.053254699707031250e+02,9.951813964843750000e+02,7.939452528953552246e-01,2.694240112304687500e+02,1.013132080078125000e+03,8.344076871871948242e-01,2.325810243996386930e+02,6.537989636589342126e+02,1.275399379530268220e+02,3.691993565314268153e+02,0.000000000000000000e+00,0.000000000000000000e+00,1.000000000000000000e+00
2.222700000000000000e+04,1.020000000000000000e+02,3.120000000000000000e+03,1.880000000000000000e+02,3.364661254882812500e+02,7.018895874023437500e+02,8.631669878959655762e-01,3.364661254882812500e+02,6.943855590820312500e+02,8.983455896377563477e-01,3.289620971679687500e+02,6.943855590820312500e+02,8.081520199775695801e-01,3.252100830078125000e+02,6.943855590820312500e+02,5.780988335609436035e-01,3.139540710449218750e+02,6.943855590820312500e+02,8.771910071372985840e-01,3.252100830078125000e+02,7.244016113281250000e+02,8.320292234420776367e-01,2.801859741210937500e+02,7.168975830078125000e+02,9.004180431365966797e-01,3.289620971679687500e+02,7.731777343750000000e+02,7.851667404174804688e-01,3.064500427246093750e+02,7.619216918945312500e+02,5.851870775222778320e-01,3.477221374511718750e+02,7.694257202148437500e+02,9.018699526786804199e-01,3.214580993652343750e+02,7.244016113281250000e+02,8.806644082069396973e-01,3.252100830078125000e+02,8.369619140625000000e+02,8.852187991142272949e-01,2.839379882812500000e+02,8.369619140625000000e+02,8.433956503868103027e-01,3.439701538085937500e+02,9.082500610351562500e+02,9.014931321144104004e-01,2.801859741210937500e+02,9.157540893554687500e+02,8.540610671043395996e-01,3.439701538085937500e+02,9.870422363281250000e+02,9.339472651481628418e-01,2.764339904785156250e+02,9.907942504882812500e+02,8.821880221366882324e-01,3.214580993652343750e+02,6.606174316406250000e+02,8.773434758186340332e-01,3.026980285644531250e+02,7.093935546875000000e+02,9.115198254585266113e-01,3.026980285644531250e+02,8.332098999023437500e+02,9.515433907508850098e-01,3.739862060546875000e+02,1.005802307128906250e+03,9.026666283607482910e-01,3.064500427246093750e+02,1.013306335449218750e+03,8.905580639839172363e-01,3.739862060546875000e+02,9.982982788085937500e+02,9.299743771553039551e-01,2.951940307617187500e+02,1.017058349609375000e+03,8.462470173835754395e-01,3.327141113281250000e+02,1.002050292968750000e+03,8.611063957214355469e-01,2.726819763183593750e+02,1.009554321289062500e+03,8.185136914253234863e-01,2.430555513586650136e+02,6.490448924304060938e+02,1.321963412994505234e+02,3.792757028920078710e+02,0.000000000000000000e+00,0.000000000000000000e+00,1.000000000000000000e+00
2.222800000000000000e+04,1.020000000000000000e+02,3.120000000000000000e+03,1.890000000000000000e+02,3.429797973632812500e+02,7.022988891601562500e+02,9.086065292358398438e-01,3.429797973632812500e+02,6.947213134765625000e+02,9.301488399505615234e-01,3.354021606445312500e+02,6.947213134765625000e+02,9.189538359642028809e-01,3.202469482421875000e+02,6.947213134765625000e+02,5.238476991653442383e-01,3.164581298828125000e+02,6.947213134765625000e+02,8.971956372261047363e-01,3.354021606445312500e+02,7.250317382812500000e+02,8.662892580032348633e-01,2.899364929199218750e+02,7.212429199218750000e+02,9.078661799430847168e-01,3.467685852050781250e+02,7.667086181640625000e+02,8.009710311889648438e-01,2.975140991210937500e+02,7.591309814453125000e+02,7.931993007659912109e-01,3.581350097656250000e+02,7.667086181640625000e+02,9.011341333389282227e-01,3.316133728027343750e+02,7.250317382812500000e+02,7.819492220878601074e-01,3.316133728027343750e+02,8.311183471679687500e+02,8.907079100608825684e-01,2.899364929199218750e+02,8.311183471679687500e+02,9.328305125236511230e-01,3.543462219238281250e+02,9.031056518554687500e+02,9.075432419776916504e-01,2.823588867187500000e+02,9.068944702148437500e+02,8.825889229774475098e-01,3.695014343261718750e+02,9.864594116210937500e+02,8.931599259376525879e-01,2.747812500000000000e+02,9.864594116210937500e+02,8.641610741615295410e-01,3.278245544433593750e+02,6.644108276367187500e+02,8.781998753547668457e-01,3.126693420410156250e+02,7.098765258789062500e+02,9.308760166168212891e-01,3.126693420410156250e+02,8.273295288085937500e+02,9.324501752853393555e-01,4.036007080078125000e+02,1.001614624023437500e+03,7.595067620277404785e-01,3.050917053222656250e+02,1.012981079101562500e+03,6.481618881225585938e-01,4.036007080078125000e+02,9.978258666992187500e+02,7.726961374282836914e-01,2.937253112792968750e+02,1.016769897460937500e+03,6.753526329994201660e-01,3.657126159667968750e+02,1.001614624023437500e+03,6.588488817214965820e-01,2.672036437988281250e+02,1.005403442382812500e+03,6.840236783027648926e-01,2.564030974631775166e+02,6.521434293768209045e+02,1.377321586713150054e+02,3.854849506725388437e+02,0.000000000000000000e+00,0.000000000000000000e+00,1.000000000000000000e+00
2.222900000000000000e+04,1.020000000000000000e+02,3.122000000000000000e+03,1.900000000000000000e+02,3.518841552734375000e+02,7.036195678710937500e+02,9.435366392135620117e-01,3.518841552734375000e+02,6.960888061523437500e+02,9.430223703384399414e-01,3.443533935546875000e+02,6.960888061523437500e+02,9.524758458137512207e-01,3.255264892578125000e+02,6.960888061523437500e+02,5.668641924858093262e-01,3.255264892578125000e+02,6.960888061523437500e+02,9.247321486473083496e-01,3.443533935546875000e+02,7.262119140625000000e+02,8.844101428985595703e-01,2.954034118652343750e+02,7.224465332031250000e+02,9.140053987503051758e-01,3.556495361328125000e+02,7.676311035156250000e+02,7.623887062072753906e-01,3.104649353027343750e+02,7.601003417968750000e+02,7.373898625373840332e-01,3.631803283691406250e+02,7.713964843750000000e+02,8.680275082588195801e-01,3.518841552734375000e+02,7.563349609375000000e+02,5.901867747306823730e-01,3.405880126953125000e+02,8.354080200195312500e+02,9.226237535476684570e-01,2.991687927246093750e+02,8.354080200195312500e+02,9.162256121635437012e-01,3.669457092285156250e+02,9.069503173828125000e+02,9.126799702644348145e-01,2.841072692871093750e+02,9.107156982421875000e+02,9.325018525123596191e-01,3.895379943847656250e+02,9.860233764648437500e+02,8.793160319328308105e-01,2.765765075683593750e+02,9.860233764648437500e+02,9.045787453651428223e-01,3.368226318359375000e+02,6.659657592773437500e+02,8.959016203880310059e-01,3.217611083984375000e+02,7.149157714843750000e+02,9.296885728836059570e-01,3.179957275390625000e+02,8.316426391601562500e+02,9.543025493621826172e-01,4.196610717773437500e+02,1.001084899902343750e+03,7.898868918418884277e-01,3.066995544433593750e+02,1.012381042480468750e+03,6.112182736396789551e-01,4.234264526367187500e+02,9.973195190429687500e+02,7.953122258186340332e-01,2.954034118652343750e+02,1.016146423339843750e+03,6.703252196311950684e-01,3.895379943847656250e+02,1.008615661621093750e+03,6.642085909843444824e-01,2.690457153320312500e+02,1.004850280761718750e+03,6.125118136405944824e-01,2.659930258772454863e+02,6.544171974983339624e+02,1.420890121000985005e+02,3.862435760905036659e+02,0.000000000000000000e+00,0.000000000000000000e+00,1.000000000000000000e+00
2.223000000000000000e+04,1.020000000000000000e+02,3.122000000000000000e+03,1.910000000000000000e+02,3.636138000488281250e+02,7.098687744140625000e+02,8.695213198661804199e-01,3.636138000488281250e+02,7.023068237304687500e+02,8.897088766098022461e-01,3.560518493652343750e+02,7.023068237304687500e+02,8.970380425453186035e-01,3.484899291992187500e+02,7.023068237304687500e+02,5.653572678565979004e-01,3.409280090332031250e+02,7.023068237304687500e+02,8.994936943054199219e-01,3.560518493652343750e+02,7.325545654296875000e+02,8.823953270912170410e-01,3.068993225097656250e+02,7.249926147460937500e+02,9.127100110054016113e-01,3.636138000488281250e+02,7.703641967773437500e+02,7.866619229316711426e-01,3.220231628417968750e+02,7.590213012695312500e+02,7.629823088645935059e-01,3.711757202148437500e+02,7.741452026367187500e+02,9.284856319427490234e-01,3.560518493652343750e+02,7.363355102539062500e+02,6.571953892707824707e-01,3.484899291992187500e+02,8.384215698242187500e+02,9.324632883071899414e-01,3.068993225097656250e+02,8.384215698242187500e+02,9.312494993209838867e-01,3.749566955566406250e+02,9.140408935546875000e+02,9.351825118064880371e-01,2.879944763183593750e+02,9.102599487304687500e+02,9.073957204818725586e-01,4.014234313964843750e+02,9.896602172851562500e+02,9.009211659431457520e-01,2.766515808105468750e+02,9.896602172851562500e+02,8.892243504524230957e-01,3.484899291992187500e+02,6.720591430664062500e+02,8.905857205390930176e-01,3.333660583496093750e+02,7.174307250976562500e+02,9.176042079925537109e-01,3.295851135253906250e+02,8.346406250000000000e+02,9.603859186172485352e-01,4.392330932617187500e+02,1.004784057617187500e+03,9.453328251838684082e-01,3.031183471679687500e+02,1.012346008300781250e+03,9.314608573913574219e-01,4.392330932617187500e+02,9.972221069335937500e+02,9.455446004867553711e-01,2.917754516601562500e+02,1.016126953125000000e+03,9.116823673248291016e-01,4.014234313964843750e+02,1.012346008300781250e+03,8.527143597602844238e-01,2.690896606445312500e+02,1.004784057617187500e+03,8.084305524826049805e-01,2.709029471526941393e+02,6.567939416958920447e+02,1.460113125675930519e+02,3.875005603216734471e+02,0.000000000000000000e+00,0.000000000000000000e+00,1.000000000000000000e+00
2.223100000000000000e+04,1.020000000000000000e+02,3.122000000000000000e+03,1.920000000000000000e+02,3.737539978027343750e+02,7.091527709960937500e+02,9.112555980682373047e-01,3.737539978027343750e+02,7.017258300781250000e+02,9.021119475364685059e-01,3.700405273437500000e+02,7.017258300781250000e+02,9.127773046493530273e-01,3.514731445312500000e+02,7.017258300781250000e+02,5.403913855552673340e-01,3.514731445312500000e+02,7.017258300781250000e+02,8.713467121124267578e-01,3.626135864257812500e+02,7.314336547851562500e+02,8.319442868232727051e-01,3.180519104003906250e+02,7.314336547851562500e+02,9.029564261436462402e-01,3.737539978027343750e+02,7.722817993164062500e+02,8.029978275299072266e-01,3.403327331542968750e+02,7.759953002929687500e+02,6.754374504089355469e-01,3.811809387207031250e+02,7.759953002929687500e+02,8.601831197738647461e-01,3.626135864257812500e+02,7.351470947265625000e+02,7.591652870178222656e-01,3.589000854492187500e+02,8.428377685546875000e+02,9.429239630699157715e-01,3.180519104003906250e+02,8.428377685546875000e+02,8.895363211631774902e-01,3.848944091796875000e+02,9.208206787109375000e+02,9.165188670158386230e-01,2.920576171875000000e+02,9.133937377929687500e+02,8.866114616394042969e-01,4.108887023925781250e+02,1.002517089843750000e+03,9.207614064216613770e-01,2.772037353515625000e+02,9.839497070312500000e+02,9.068262577056884766e-01,3.551866149902343750e+02,6.720180664062500000e+02,9.041321873664855957e-01,3.403327331542968750e+02,7.202932128906250000e+02,8.959761857986450195e-01,3.366192626953125000e+02,8.391243286132812500e+02,9.459998607635498047e-01,4.443099365234375000e+02,1.009944030761718750e+03,8.956589698791503906e-01,3.031980285644531250e+02,1.009944030761718750e+03,9.009428620338439941e-01,4.405964660644531250e+02,1.009944030761718750e+03,9.224321842193603516e-01,2.957710876464843750e+02,1.013657470703125000e+03,9.052924513816833496e-01,4.071752319335937500e+02,1.017370971679687500e+03,8.830294013023376465e-01,2.697767639160156250e+02,9.988035888671875000e+02,8.527613282203674316e-01,2.834324514697182167e+02,6.602738397422635899e+02,1.490763215544669720e+02,3.833715624074659445e+02,0.000000000000000000e+00,0.000000000000000000e+00,1.000000000000000000e+00
2.223200000000000000e+04,1.020000000000000000e+02,3.122000000000000000e+03,1.930000000000000000e+02,3.825776672363281250e+02,7.150740966796875000e+02,8.963166475296020508e-01,3.825776672363281250e+02,7.076752319335937500e+02,8.901922106742858887e-01,3.788782043457031250e+02,7.039757690429687500e+02,9.076006412506103516e-01,3.677798767089843750e+02,7.076752319335937500e+02,5.750405192375183105e-01,3.640804443359375000e+02,7.076752319335937500e+02,8.986756205558776855e-01,3.714793395996093750e+02,7.372707519531250000e+02,8.218777775764465332e-01,3.270859985351562500e+02,7.298718872070312500e+02,9.022132754325866699e-01,3.825776672363281250e+02,7.816641235351562500e+02,7.853454351425170898e-01,3.455832214355468750e+02,7.668663330078125000e+02,7.060850858688354492e-01,3.899765625000000000e+02,7.779646606445312500e+02,6.801071166992187500e-01,3.751787719726562500e+02,7.446696777343750000e+02,6.164130568504333496e-01,3.677798767089843750e+02,8.482540893554687500e+02,9.344667792320251465e-01,3.233865356445312500e+02,8.445546875000000000e+02,9.219833612442016602e-01,3.973754272460937500e+02,9.259424438476562500e+02,9.173290133476257324e-01,2.937909851074218750e+02,9.185435791015625000e+02,9.025631546974182129e-01,4.158726806640625000e+02,1.007330261230468750e+03,9.779981374740600586e-01,2.789931945800781250e+02,9.888330078125000000e+02,9.258691668510437012e-01,3.677798767089843750e+02,6.780796508789062500e+02,8.823894262313842773e-01,3.529820861816406250e+02,7.224729614257812500e+02,8.916506767272949219e-01,3.455832214355468750e+02,8.445546875000000000e+02,9.360464215278625488e-01,4.454682312011718750e+02,1.025827514648437500e+03,7.348755002021789551e-01,3.048893127441406250e+02,1.011029724121093750e+03,6.670871376991271973e-01,4.454682312011718750e+02,1.022128051757812500e+03,7.105525135993957520e-01,2.937909851074218750e+02,1.014729125976562500e+03,6.373988389968872070e-01,4.084737854003906250e+02,1.022128051757812500e+03,7.358021736145019531e-01,2.678948669433593750e+02,9.999313354492187500e+02,6.871988177299499512e-01,2.885256452059379626e+02,6.631770906963616881e+02,1.508284530016217673e+02,3.807735370867188749e+02,0.000000000000000000e+00,0.000000000000000000e+00,1.000000000000000000e+00
2.223300000000000000e+04,1.020000000000000000e+02,3.122000000000000000e+03,1.940000000000000000e+02,3.911965942382812500e+02,7.148781127929687500e+02,9.212886095046997070e-01,3.911965942382812500e+02,7.075150146484375000e+02,8.935210704803466797e-01,3.875150146484375000e+02,7.075150146484375000e+02,8.923558592796325684e-01,3.691071777343750000e+02,7.075150146484375000e+02,6.107831597328186035e-01,3.727887573242187500e+02,7.075150146484375000e+02,8.811396956443786621e-01,3.764703369140625000e+02,7.369675292968750000e+02,8.154007792472839355e-01,3.396546630859375000e+02,7.332859497070312500e+02,8.957915306091308594e-01,3.875150146484375000e+02,7.774647827148437500e+02,7.842843532562255859e-01,3.654256286621093750e+02,7.701016235351562500e+02,7.104889154434204102e-01,4.022413024902343750e+02,7.848278808593750000e+02,7.663100361824035645e-01,3.875150146484375000e+02,7.406491088867187500e+02,7.558653950691223145e-01,3.764703369140625000e+02,8.510961303710937500e+02,9.122738838195800781e-01,3.359730834960937500e+02,8.474145507812500000e+02,8.655472397804260254e-01,4.059228515625000000e+02,9.284089965820312500e+02,9.011761546134948730e-01,3.065205383300781250e+02,9.173643188476562500e+02,9.025658369064331055e-01,4.169675598144531250e+02,1.009403503417968750e+03,1.024548053741455078e+00,2.844311523437500000e+02,9.799509277343750000e+02,9.306496977806091309e-01,3.764703369140625000e+02,6.780624389648437500e+02,8.822614550590515137e-01,3.617440490722656250e+02,7.222412719726562500e+02,9.164344072341918945e-01,3.580625000000000000e+02,8.474145507812500000e+02,9.502916336059570312e-01,4.501016540527343750e+02,1.027811279296875000e+03,7.495193481445312500e-01,3.065205383300781250e+02,1.013085021972656250e+03,5.611888170242309570e-01,4.501016540527343750e+02,1.024129760742187500e+03,8.007267713546752930e-01,2.954758605957031250e+02,1.016766601562500000e+03,4.906720519065856934e-01,4.096044311523437500e+02,1.020448181152343750e+03,8.064011931419372559e-01,2.697048950195312500e+02,9.909956665039062500e+02,5.761666297912597656e-01,2.903571884529620775e+02,6.642812047901049937e+02,1.527544435397306870e+02,3.785417268076128039e+02,0.000000000000000000e+00,0.000000000000000000e+00,1.000000000000000000e+00
2.223400000000000000e+04,1.020000000000000000e+02,3.122000000000000000e+03,1.950000000000000000e+02,4.026074218750000000e+02,7.155361938476562500e+02,8.734049797058105469e-01,4.026074218750000000e+02,7.043333740234375000e+02,8.626618981361389160e-01,3.988731384277343750e+02,7.043333740234375000e+02,9.053462743759155273e-01,3.839360046386718750e+02,7.118019409179687500e+02,6.404042840003967285e-01,3.876702880859375000e+02,7.118019409179687500e+02,9.149197936058044434e-01,3.802017211914062500e+02,7.416762084960937500e+02,5.464377403259277344e-01,3.540617065429687500e+02,7.416762084960937500e+02,7.122588157653808594e-01,4.026074218750000000e+02,7.715504760742187500e+02,7.480686902999877930e-01,3.764674377441406250e+02,7.752847900390625000e+02,6.334393024444580078e-01,3.988731384277343750e+02,7.379418945312500000e+02,3.936558663845062256e-01,3.988731384277343750e+02,7.416762084960937500e+02,7.992330789566040039e-01,3.839360046386718750e+02,8.537047729492187500e+02,8.689582943916320801e-01,3.503274230957031250e+02,8.537047729492187500e+02,8.486190438270568848e-01,4.138103027343750000e+02,9.283905029296875000e+02,9.265939593315124512e-01,3.204531250000000000e+02,9.209219360351562500e+02,8.836662173271179199e-01,4.212788696289062500e+02,1.006810485839843750e+03,9.953259229660034180e-01,2.943131408691406250e+02,9.769362182617187500e+02,9.398644566535949707e-01,3.839360046386718750e+02,6.781933593750000000e+02,8.196895718574523926e-01,3.727331542968750000e+02,7.267390747070312500e+02,8.656668663024902344e-01,3.652645568847656250e+02,8.499705200195312500e+02,9.335705637931823730e-01,4.436845703125000000e+02,1.025481933593750000e+03,7.886409759521484375e-01,3.092502746582031250e+02,1.010544799804687500e+03,4.197169542312622070e-01,4.474188537597656250e+02,1.021747680664062500e+03,7.958623766899108887e-01,2.980474243164062500e+02,1.010544799804687500e+03,3.690446019172668457e-01,4.100759887695312500e+02,1.021747680664062500e+03,7.120456099510192871e-01,2.793760070800781250e+02,9.806705322265625000e+02,4.919905960559844971e-01,2.920608830254411714e+02,6.621529487977545614e+02,1.554682746467369725e+02,3.812450326496837079e+02,0.000000000000000000e+00,0.000000000000000000e+00,1.000000000000000000e+00
2.223500000000000000e+04,1.020000000000000000e+02,3.127000000000000000e+03,1.960000000000000000e+02,4.122697753906250000e+02,7.104185791015625000e+02,8.834510445594787598e-01,4.122697753906250000e+02,7.030252075195312500e+02,9.058134555816650391e-01,4.085731201171875000e+02,7.030252075195312500e+02,9.083089828491210938e-01,3.900897216796875000e+02,7.067218627929687500e+02,6.601033806800842285e-01,3.900897216796875000e+02,7.067218627929687500e+02,8.729812502861022949e-01,4.011797485351562500e+02,7.362953491210937500e+02,7.982911467552185059e-01,3.568195800781250000e+02,7.325986328125000000e+02,8.795065283775329590e-01,4.122697753906250000e+02,7.769588012695312500e+02,7.944566011428833008e-01,3.900897216796875000e+02,7.732620849609375000e+02,7.802046537399291992e-01,4.196631469726562500e+02,7.732620849609375000e+02,3.310731053352355957e-01,4.085731201171875000e+02,7.362953491210937500e+02,8.131219148635864258e-01,3.974830627441406250e+02,8.508923950195312500e+02,8.786022067070007324e-01,3.605162658691406250e+02,8.508923950195312500e+02,8.734198212623596191e-01,4.196631469726562500e+02,9.285226440429687500e+02,8.639448285102844238e-01,3.383361816406250000e+02,9.285226440429687500e+02,7.759795784950256348e-01,4.159664611816406250e+02,1.006152893066406250e+03,9.340809583663940430e-01,3.050660705566406250e+02,9.728828125000000000e+02,8.789763450622558594e-01,3.937863769531250000e+02,6.734517822265625000e+02,8.776218891143798828e-01,3.826963500976562500e+02,7.215086059570312500e+02,9.178112745285034180e-01,3.789996643066406250e+02,8.508923950195312500e+02,8.919376134872436523e-01,4.455398864746093750e+02,1.028333007812500000e+03,9.234961867332458496e-01,3.087627563476562500e+02,1.009849609375000000e+03,8.634964823722839355e-01,4.492365722656250000e+02,1.020939636230468750e+03,9.649660587310791016e-01,2.976727294921875000e+02,1.009849609375000000e+03,8.787404298782348633e-01,4.122697753906250000e+02,1.020939636230468750e+03,9.011038541793823242e-01,2.939760437011718750e+02,9.728828125000000000e+02,7.888459563255310059e-01,2.966270211389199858e+02,6.631921899753092475e+02,1.564089071779283699e+02,3.797044366110208102e+02,0.000000000000000000e+00,0.000000000000000000e+00,1.000000000000000000e+00
2.223600000000000000e+04,1.020000000000000000e+02,3.122000000000000000e+03,1.970000000000000000e+02,4.223317871093750000e+02,7.111791381835937500e+02,8.318178653717041016e-01,4.223317871093750000e+02,7.040139770507812500e+02,9.022611975669860840e-01,4.187491760253906250e+02,7.040139770507812500e+02,9.111033678054809570e-01,3.972536315917968750e+02,7.040139770507812500e+02,5.662057995796203613e-01,4.008362121582031250e+02,7.040139770507812500e+02,8.909358978271484375e-01,4.044188232421875000e+02,7.362573242187500000e+02,8.031862974166870117e-01,3.685928649902343750e+02,7.326747436523437500e+02,8.679245114326477051e-01,4.187491760253906250e+02,7.720832519531250000e+02,6.644252538681030273e-01,4.008362121582031250e+02,7.649180908203125000e+02,7.845443487167358398e-01,4.330795593261718750e+02,7.756658935546875000e+02,8.783131837844848633e-01,4.187491760253906250e+02,7.326747436523437500e+02,8.696387410163879395e-01,4.080014038085937500e+02,8.509003295898437500e+02,9.237688779830932617e-01,3.757580566406250000e+02,8.509003295898437500e+02,8.842223286628723145e-01,4.223317871093750000e+02,9.297174072265625000e+02,8.678989410400390625e-01,3.614276733398437500e+02,9.297174072265625000e+02,7.413015365600585938e-01,4.187491760253906250e+02,1.004951904296875000e+03,9.393398165702819824e-01,3.220191345214843750e+02,9.691259765625000000e+02,9.156705737113952637e-01,4.044188232421875000e+02,6.717706298828125000e+02,9.113712906837463379e-01,3.900884399414062500e+02,7.219269409179687500e+02,9.145936965942382812e-01,3.900884399414062500e+02,8.473177490234375000e+02,9.105076193809509277e-01,4.438273620605468750e+02,1.030030029296875000e+03,8.915211558341979980e-01,3.220191345214843750e+02,1.008534484863281250e+03,8.276878595352172852e-01,4.474099426269531250e+02,1.022864868164062500e+03,9.271689653396606445e-01,3.148539428710937500e+02,1.004951904296875000e+03,8.492715954780578613e-01,4.080014038085937500e+02,1.019282287597656250e+03,8.486207723617553711e-01,3.112713623046875000e+02,9.655433959960937500e+02,7.949455380439758301e-01,3.068796323604370286e+02,6.673953220147268439e+02,1.539894875230531284e+02,3.713680286530293415e+02,0.000000000000000000e+00,0.000000000000000000e+00,1.000000000000000000e+00
2.223700000000000000e+04,1.020000000000000000e+02,3.112000000000000000e+03,1.980000000000000000e+02,4.291142578125000000e+02,7.093160400390625000e+02,8.938089609146118164e-01,4.291142578125000000e+02,6.984575195312500000e+02,9.032362699508666992e-01,4.254947509765625000e+02,7.020770263671875000e+02,8.894844055175781250e-01,3.965386962890625000e+02,7.020770263671875000e+02,6.426313519477844238e-01,4.110167236328125000e+02,7.020770263671875000e+02,9.012950062751770020e-01,4.037777099609375000e+02,7.310330810546875000e+02,7.286584377288818359e-01,3.784411621093750000e+02,7.346525878906250000e+02,8.308190703392028809e-01,4.182557373046875000e+02,7.708477172851562500e+02,7.074753046035766602e-01,4.146362304687500000e+02,7.672282104492187500e+02,8.198644518852233887e-01,4.399728088378906250e+02,7.708477172851562500e+02,8.367296457290649414e-01,4.254947509765625000e+02,7.310330810546875000e+02,8.984325528144836426e-01,4.110167236328125000e+02,8.504768676757812500e+02,9.312180280685424805e-01,3.892996826171875000e+02,8.540963745117187500e+02,8.433998823165893555e-01,4.254947509765625000e+02,9.264865112304687500e+02,9.334165453910827637e-01,3.784411621093750000e+02,9.264865112304687500e+02,8.022713065147399902e-01,4.182557373046875000e+02,1.006115722656250000e+03,9.199959039688110352e-01,3.422460632324218750e+02,9.699206542968750000e+02,8.815826773643493652e-01,4.110167236328125000e+02,6.731209716796875000e+02,8.938180208206176758e-01,3.965386962890625000e+02,7.201745605468750000e+02,9.079306721687316895e-01,4.001582031250000000e+02,8.468573608398437500e+02,9.192075133323669434e-01,3.422460632324218750e+02,1.009735229492187500e+03,7.333273887634277344e-01,4.508313293457031250e+02,1.027832763671875000e+03,8.859146833419799805e-01,3.422460632324218750e+02,1.006115722656250000e+03,6.760126948356628418e-01,4.472118225097656250e+02,1.031452270507812500e+03,7.942725419998168945e-01,3.277680358886718750e+02,9.699206542968750000e+02,4.942803382873535156e-01,4.110167236328125000e+02,1.020593750000000000e+03,7.362391352653503418e-01,3.171878926184397756e+02,6.674309590118804181e+02,1.529018159886487069e+02,3.707118992237225257e+02,0.000000000000000000e+00,0.000000000000000000e+00,1.000000000000000000e+00
2.223800000000000000e+04,1.020000000000000000e+02,3.112000000000000000e+03,1.990000000000000000e+02,4.404613647460937500e+02,7.099780883789062500e+02,9.287490844726562500e-01,4.404613647460937500e+02,6.992023925781250000e+02,8.588096499443054199e-01,4.368695068359375000e+02,6.992023925781250000e+02,9.196903109550476074e-01,4.153182067871093750e+02,7.027943115234375000e+02,6.277379989624023438e-01,4.189100952148437500e+02,7.027943115234375000e+02,9.052343964576721191e-01,4.117263488769531250e+02,7.279374389648437500e+02,7.023361325263977051e-01,3.865831909179687500e+02,7.279374389648437500e+02,8.206043839454650879e-01,4.225019836425781250e+02,7.710400390625000000e+02,6.858718395233154297e-01,4.153182067871093750e+02,7.638562622070312500e+02,9.075111746788024902e-01,4.476451416015625000e+02,7.746318969726562500e+02,8.787847757339477539e-01,4.368695068359375000e+02,7.387130737304687500e+02,7.123413085937500000e-01,4.189100952148437500e+02,8.464694824218750000e+02,8.597550988197326660e-01,3.937669372558593750e+02,8.464694824218750000e+02,8.440272212028503418e-01,4.296857299804687500e+02,9.254908447265625000e+02,8.956767916679382324e-01,3.937669372558593750e+02,9.290827026367187500e+02,8.281444907188415527e-01,4.189100952148437500e+02,1.004512207031250000e+03,9.877610206604003906e-01,3.614400329589843750e+02,9.793690185546875000e+02,8.718930482864379883e-01,4.225019836425781250e+02,6.704674072265625000e+02,9.070551991462707520e-01,4.081344604492187500e+02,7.171618041992187500e+02,9.185143709182739258e-01,4.045425720214843750e+02,8.428776245117187500e+02,9.168356657028198242e-01,4.476451416015625000e+02,1.029655395507812500e+03,8.477830886840820312e-01,3.758075561523437500e+02,1.018879699707031250e+03,9.073237180709838867e-01,4.476451416015625000e+02,1.022471557617187500e+03,8.866330385208129883e-01,3.650318908691406250e+02,1.018879699707031250e+03,9.695426821708679199e-01,4.081344604492187500e+02,1.015287841796875000e+03,8.545730113983154297e-01,3.470725097656250000e+02,9.793690185546875000e+02,9.151200056076049805e-01,3.339014344050871159e+02,6.680658505310902910e+02,1.511281687988034150e+02,3.686091643015224690e+02,0.000000000000000000e+00,0.000000000000000000e+00,1.000000000000000000e+00
2.223900000000000000e+04,1.020000000000000000e+02,3.112000000000000000e+03,2.000000000000000000e+02,4.503651428222656250e+02,7.089180297851562500e+02,9.197574853897094727e-01,4.503651428222656250e+02,6.979444580078125000e+02,8.556479215621948242e-01,4.503651428222656250e+02,6.979444580078125000e+02,8.921529054641723633e-01,4.284179992675781250e+02,7.016023559570312500e+02,5.546270012855529785e-01,4.320758666992187500e+02,7.016023559570312500e+02,8.665506243705749512e-01,4.211022949218750000e+02,7.272073364257812500e+02,6.683248281478881836e-01,3.954972839355468750e+02,7.272073364257812500e+02,8.392342329025268555e-01,4.320758666992187500e+02,7.711016235351562500e+02,7.495367527008056641e-01,4.211022949218750000e+02,7.637859497070312500e+02,8.927514553070068359e-01,4.540230102539062500e+02,7.747595214843750000e+02,8.769636154174804688e-01,4.467073059082031250e+02,7.528123779296875000e+02,6.070952415466308594e-01,4.211022949218750000e+02,8.442587890625000000e+02,7.863789200782775879e-01,4.028129882812500000e+02,8.442587890625000000e+02,8.361047506332397461e-01,4.320758666992187500e+02,9.247316894531250000e+02,8.927204608917236328e-01,4.101287231445312500e+02,9.247316894531250000e+02,8.446661829948425293e-01,4.211022949218750000e+02,1.001546752929687500e+03,5.354227423667907715e-01,3.881815490722656250e+02,9.905731811523437500e+02,6.310378313064575195e-01,4.320758666992187500e+02,6.650237426757812500e+02,8.830735087394714355e-01,4.174444274902343750e+02,7.162337646484375000e+02,8.720407485961914062e-01,4.101287231445312500e+02,8.406009521484375000e+02,8.800444602966308594e-01,4.028129882812500000e+02,1.019835998535156250e+03,6.717626452445983887e-01,4.430494384765625000e+02,1.027151733398437500e+03,5.681490302085876465e-01,4.028129882812500000e+02,1.016178161621093750e+03,6.929605603218078613e-01,4.393915710449218750e+02,1.027151733398437500e+03,4.220919907093048096e-01,3.735501098632812500e+02,9.905731811523437500e+02,7.399057745933532715e-01,4.064708557128906250e+02,1.012520324707031250e+03,5.820479393005371094e-01,3.461745681194002486e+02,6.646247539552911121e+02,1.503371242196180901e+02,3.723277819951566698e+02,0.000000000000000000e+00,0.000000000000000000e+00,1.000000000000000000e+00
2.224000000000000000e+04,1.020000000000000000e+02,3.112000000000000000e+03,2.010000000000000000e+02,4.586112976074218750e+02,7.076157226562500000e+02,9.202756881713867188e-01,4.586112976074218750e+02,6.964403686523437500e+02,8.645613193511962891e-01,4.548861694335937500e+02,6.964403686523437500e+02,8.771463632583618164e-01,4.325354003906250000e+02,6.964403686523437500e+02,5.708928704261779785e-01,4.399856567382812500e+02,6.964403686523437500e+02,8.548254370689392090e-01,4.325354003906250000e+02,7.262413940429687500e+02,7.999410629272460938e-01,4.027344055175781250e+02,7.262413940429687500e+02,8.554688692092895508e-01,4.399856567382812500e+02,7.746680297851562500e+02,7.998813390731811523e-01,4.288103027343750000e+02,7.634926147460937500e+02,8.982049226760864258e-01,4.660615539550781250e+02,7.746680297851562500e+02,9.146028161048889160e-01,4.548861694335937500e+02,7.411418457031250000e+02,7.437554597854614258e-01,4.325354003906250000e+02,8.454453735351562500e+02,8.544420003890991211e-01,4.176349182128906250e+02,8.491705322265625000e+02,8.609226942062377930e-01,4.325354003906250000e+02,9.311232910156250000e+02,8.690025210380554199e-01,4.250851745605468750e+02,9.311232910156250000e+02,8.950542807579040527e-01,4.176349182128906250e+02,1.005625793457031250e+03,8.733494281768798828e-01,4.139097900390625000e+02,1.009350891113281250e+03,9.651563763618469238e-01,4.437107849121093750e+02,6.666393432617187500e+02,8.597870469093322754e-01,4.250851745605468750e+02,7.113408813476562500e+02,8.781218528747558594e-01,4.213600463867187500e+02,8.454453735351562500e+02,9.207299947738647461e-01,4.474359130859375000e+02,1.024251464843750000e+03,8.661367893218994141e-01,4.474359130859375000e+02,1.027976562500000000e+03,8.813052773475646973e-01,4.437107849121093750e+02,1.020526306152343750e+03,8.339446187019348145e-01,4.399856567382812500e+02,1.031701660156250000e+03,8.922836184501647949e-01,4.064595336914062500e+02,1.016801147460937500e+03,8.326767683029174805e-01,4.064595336914062500e+02,1.020526306152343750e+03,8.954783678054809570e-01,3.556074147738390252e+02,6.618916139584695202e+02,1.499718112627411415e+02,3.782834766430013360e+02,0.000000000000000000e+00,0.000000000000000000e+00,1.000000000000000000e+00
2.224100000000000000e+04,1.020000000000000000e+02,3.127000000000000000e+03,2.020000000000000000e+02,4.678312683105468750e+02,7.055607299804687500e+02,9.058740139007568359e-01,4.678312683105468750e+02,6.983392333984375000e+02,8.655154705047607422e-01,4.642205200195312500e+02,6.983392333984375000e+02,9.294142723083496094e-01,4.425559692382812500e+02,6.947285156250000000e+02,5.307456851005554199e-01,4.497774963378906250e+02,6.947285156250000000e+02,9.097948074340820312e-01,4.425559692382812500e+02,7.272252807617187500e+02,7.368121147155761719e-01,4.136699218750000000e+02,7.272252807617187500e+02,8.586947917938232422e-01,4.497774963378906250e+02,7.705543823242187500e+02,7.304701805114746094e-01,4.389452209472656250e+02,7.669436035156250000e+02,8.559339046478271484e-01,4.786635437011718750e+02,7.741651611328125000e+02,8.854925632476806641e-01,4.642205200195312500e+02,7.380575561523437500e+02,7.909924387931823730e-01,4.461667175292968750e+02,8.463803100585937500e+02,8.304906487464904785e-01,4.245021667480468750e+02,8.463803100585937500e+02,8.449414372444152832e-01,4.533882446289062500e+02,9.222061767578125000e+02,7.855644226074218750e-01,4.281129455566406250e+02,9.258169555664062500e+02,7.487798929214477539e-01,4.425559692382812500e+02,1.005253601074218750e+03,6.336452364921569824e-01,4.208914184570312500e+02,1.005253601074218750e+03,6.423756480216979980e-01,4.497774963378906250e+02,6.658424072265625000e+02,9.131765365600585938e-01,4.353344421386718750e+02,7.127822875976562500e+02,9.218277931213378906e-01,4.317236938476562500e+02,8.427695312500000000e+02,9.119583368301391602e-01,4.353344421386718750e+02,1.023307373046875000e+03,6.970246434211730957e-01,4.678312683105468750e+02,1.023307373046875000e+03,7.264883518218994141e-01,4.317236938476562500e+02,1.019696655273437500e+03,6.457218527793884277e-01,4.642205200195312500e+02,1.026918090820312500e+03,7.655004262924194336e-01,4.064483947753906250e+02,1.019696655273437500e+03,8.094227910041809082e-01,4.389452209472656250e+02,1.019696655273437500e+03,8.197717666625976562e-01,3.656089546811690525e+02,6.628266921099135516e+02,1.448218550201248718e+02,3.728390694732341899e+02,0.000000000000000000e+00,0.000000000000000000e+00,1.000000000000000000e+00
2.224200000000000000e+04,1.020000000000000000e+02,3.127000000000000000e+03,2.030000000000000000e+02,4.777637939453125000e+02,7.035742797851562500e+02,8.959046602249145508e-01,4.777637939453125000e+02,6.962698974609375000e+02,8.509885072708129883e-01,4.741116333007812500e+02,6.962698974609375000e+02,9.158069491386413574e-01,4.485463562011718750e+02,6.962698974609375000e+02,5.609219670295715332e-01,4.595028991699218750e+02,6.962698974609375000e+02,9.341625571250915527e-01,4.558507385253906250e+02,7.254873657226562500e+02,7.749890089035034180e-01,4.193289184570312500e+02,7.291395263671875000e+02,8.495820760726928711e-01,4.668072509765625000e+02,7.729656982421875000e+02,7.143411040306091309e-01,4.485463562011718750e+02,7.693134765625000000e+02,8.164035081863403320e-01,4.850681762695312500e+02,7.766178588867187500e+02,8.497696518898010254e-01,4.741116333007812500e+02,7.364439086914062500e+02,8.338354229927062988e-01,4.521985473632812500e+02,8.460092773437500000e+02,8.574581146240234375e-01,4.266333007812500000e+02,8.460092773437500000e+02,8.232597708702087402e-01,4.704594421386718750e+02,9.263572387695312500e+02,8.888524174690246582e-01,4.229811096191406250e+02,9.263572387695312500e+02,9.093404412269592285e-01,4.777637939453125000e+02,1.006705200195312500e+03,7.700674533843994141e-01,4.156767578125000000e+02,9.994008178710937500e+02,8.946224451065063477e-01,4.595028991699218750e+02,6.670524902343750000e+02,9.067552685737609863e-01,4.448941955566406250e+02,7.145308227539062500e+02,9.325643777847290039e-01,4.375898132324218750e+02,8.423571166992187500e+02,9.248505830764770508e-01,4.485463562011718750e+02,1.024966064453125000e+03,1.077285885810852051e+00,4.996768798828125000e+02,1.021313903808593750e+03,7.506238222122192383e-01,4.448941955566406250e+02,1.024966064453125000e+03,9.482275843620300293e-01,4.996768798828125000e+02,1.024966064453125000e+03,7.433590292930603027e-01,4.047202148437500000e+02,1.017661743164062500e+03,8.872393369674682617e-01,4.741116333007812500e+02,1.024966064453125000e+03,8.184902071952819824e-01,3.756826873105257505e+02,6.639686935181680383e+02,1.422283222920003141e+02,3.735445289211004365e+02,0.000000000000000000e+00,0.000000000000000000e+00,1.000000000000000000e+00
2.224300000000000000e+04,1.020000000000000000e+02,3.127000000000000000e+03,2.040000000000000000e+02,4.866903381347656250e+02,7.096189575195312500e+02,9.138849973678588867e-01,4.866903381347656250e+02,6.985949707031250000e+02,8.880939483642578125e-01,4.830156860351562500e+02,6.985949707031250000e+02,9.216229915618896484e-01,4.536183166503906250e+02,6.985949707031250000e+02,4.284715056419372559e-01,4.646423339843750000e+02,7.022695922851562500e+02,8.686259984970092773e-01,4.609676513671875000e+02,7.279923095703125000e+02,6.110137104988098145e-01,4.315702819824218750e+02,7.353416748046875000e+02,8.265458345413208008e-01,4.793410034179687500e+02,7.684136962890625000e+02,6.935485601425170898e-01,4.683169860839843750e+02,7.684136962890625000e+02,7.887737751007080078e-01,4.977143554687500000e+02,7.794376831054687500e+02,8.806060552597045898e-01,4.793410034179687500e+02,7.316669921875000000e+02,7.972233891487121582e-01,4.536183166503906250e+02,8.529310913085937500e+02,7.378268837928771973e-01,4.389196472167968750e+02,8.566057739257812500e+02,7.822776436805725098e-01,4.830156860351562500e+02,9.374484863281250000e+02,8.482562899589538574e-01,4.278956298828125000e+02,9.374484863281250000e+02,8.272516131401062012e-01,5.013890075683593750e+02,1.010941894531250000e+03,7.790963053703308105e-01,4.168716125488281250e+02,1.003592529296875000e+03,8.470745086669921875e-01,4.719916687011718750e+02,6.655229492187500000e+02,8.874032497406005859e-01,4.499436340332031250e+02,7.169683227539062500e+02,8.716242313385009766e-01,4.462689819335937500e+02,8.492564086914062500e+02,9.161739349365234375e-01,4.499436340332031250e+02,1.029315185546875000e+03,1.005017042160034180e+00,5.454850463867187500e+02,1.021965881347656250e+03,9.594030976295471191e-01,4.499436340332031250e+02,1.025640625000000000e+03,9.588959813117980957e-01,5.418103637695312500e+02,1.029315185546875000e+03,9.056596755981445312e-01,4.095222778320312500e+02,1.018291259765625000e+03,8.522198200225830078e-01,5.013890075683593750e+02,1.029315185546875000e+03,9.055873155593872070e-01,3.933780089637671153e+02,6.633693618453556837e+02,1.437585377555192281e+02,3.753351765200078489e+02,0.000000000000000000e+00,0.000000000000000000e+00,1.000000000000000000e+00
2.224400000000000000e+04,1.020000000000000000e+02,3.127000000000000000e+03,2.050000000000000000e+02,4.943270263671875000e+02,7.096653442382812500e+02,8.936266899108886719e-01,4.943270263671875000e+02,7.024052734375000000e+02,9.232584238052368164e-01,4.906969604492187500e+02,7.024052734375000000e+02,9.171983003616333008e-01,4.725467529296875000e+02,7.024052734375000000e+02,4.521938562393188477e-01,4.725467529296875000e+02,7.024052734375000000e+02,9.234279394149780273e-01,4.689166870117187500e+02,7.314456176757812500e+02,7.058838009834289551e-01,4.398763427734375000e+02,7.350756835937500000e+02,8.599331974983215332e-01,4.761767883300781250e+02,7.713760986328125000e+02,7.474378943443298340e-01,4.725467529296875000e+02,7.713760986328125000e+02,8.126704692840576172e-01,5.052171325683593750e+02,7.786362304687500000e+02,9.069281816482543945e-01,4.870669250488281250e+02,7.350756835937500000e+02,8.433315157890319824e-01,4.507664794921875000e+02,8.512371215820312500e+02,7.442003488540649414e-01,4.543965148925781250e+02,8.548671264648437500e+02,8.279439806938171387e-01,4.943270263671875000e+02,9.383581542968750000e+02,3.903712332248687744e-01,4.906969604492187500e+02,9.383581542968750000e+02,4.768489003181457520e-01,4.144660339355468750e+02,1.007328979492187500e+03,6.041672825813293457e-01,5.233673706054687500e+02,1.018219116210937500e+03,5.766757726669311523e-01,4.798068237304687500e+02,6.697348632812500000e+02,8.791659474372863770e-01,4.580265808105468750e+02,7.169254760742187500e+02,8.893184661865234375e-01,4.543965148925781250e+02,8.512371215820312500e+02,9.247230291366577148e-01,4.507664794921875000e+02,1.029109252929687500e+03,9.845997691154479980e-01,5.669279174804687500e+02,1.021849182128906250e+03,9.940785169601440430e-01,4.471364440917968750e+02,1.025479248046875000e+03,9.243759512901306152e-01,5.596677856445312500e+02,1.025479248046875000e+03,9.093207716941833496e-01,4.072059631347656250e+02,1.018219116210937500e+03,9.384895563125610352e-01,5.197373046875000000e+02,1.029109252929687500e+03,9.319448471069335938e-01,4.066006763433018705e+02,6.659357442290278186e+02,1.456896989646769498e+02,3.729957350751852800e+02,0.000000000000000000e+00,0.000000000000000000e+00,1.000000000000000000e+00
2.224500000000000000e+04,1.020000000000000000e+02,3.127000000000000000e+03,2.060000000000000000e+02,5.010166931152343750e+02,7.137211303710937500e+02,9.352030754089355469e-01,5.046466979980468750e+02,7.028311157226562500e+02,8.979874849319458008e-01,4.973866577148437500e+02,7.028311157226562500e+02,9.024103879928588867e-01,4.756065979003906250e+02,6.992010498046875000e+02,4.307910203933715820e-01,4.756065979003906250e+02,7.028311157226562500e+02,8.641122579574584961e-01,4.719765930175781250e+02,7.355011596679687500e+02,7.050144672393798828e-01,4.501965332031250000e+02,7.355011596679687500e+02,8.528136014938354492e-01,4.828666381835937500e+02,7.754312744140625000e+02,7.718869447708129883e-01,4.828666381835937500e+02,7.790612792968750000e+02,8.105548620223999023e-01,5.119067077636718750e+02,7.790612792968750000e+02,8.593701124191284180e-01,4.937566528320312500e+02,7.391311645507812500e+02,8.804444074630737305e-01,4.647165832519531250e+02,8.552915039062500000e+02,7.348007559776306152e-01,4.647165832519531250e+02,8.589215087890625000e+02,8.088420629501342773e-01,5.010166931152343750e+02,9.424117431640625000e+02,7.567983269691467285e-01,4.356765136718750000e+02,9.387817382812500000e+02,6.322154402732849121e-01,5.300567626953125000e+02,1.011381958007812500e+03,4.098934531211853027e-01,4.175264587402343750e+02,1.000491882324218750e+03,5.238237380981445312e-01,4.864966430664062500e+02,6.701610107421875000e+02,8.746870160102844238e-01,4.683465881347656250e+02,7.209811401367187500e+02,9.081560373306274414e-01,4.647165832519531250e+02,8.552915039062500000e+02,9.145193099975585938e-01,4.501965332031250000e+02,1.029531982421875000e+03,9.250389337539672852e-01,5.808768920898437500e+02,1.022271972656250000e+03,9.450687766075134277e-01,4.465665283203125000e+02,1.025901977539062500e+03,8.837137818336486816e-01,5.772468872070312500e+02,1.029531982421875000e+03,9.074427485466003418e-01,4.066364135742187500e+02,1.018641967773437500e+03,8.525424003601074219e-01,5.300567626953125000e+02,1.029531982421875000e+03,9.131119251251220703e-01,4.146147998277635338e+02,6.671845826048422623e+02,1.484520824417443805e+02,3.721018055633560380e+02,0.000000000000000000e+00,0.000000000000000000e+00,1.000000000000000000e+00
2.224600000000000000e+04,1.020000000000000000e+02,3.127000000000000000e+03,2.070000000000000000e+02,5.155820922851562500e+02,7.187134399414062500e+02,8.768834471702575684e-01,5.155820922851562500e+02,7.079979858398437500e+02,8.105883598327636719e-01,5.120103149414062500e+02,7.079979858398437500e+02,9.047029018402099609e-01,4.905794677734375000e+02,7.079979858398437500e+02,5.263310074806213379e-01,4.977230834960937500e+02,7.079979858398437500e+02,9.138210415840148926e-01,4.762922363281250000e+02,7.401442871093750000e+02,6.000511050224304199e-01,4.620050048828125000e+02,7.401442871093750000e+02,7.688084244728088379e-01,4.977230834960937500e+02,7.830059814453125000e+02,6.447114944458007812e-01,4.905794677734375000e+02,7.865777587890625000e+02,6.408179402351379395e-01,5.227257080078125000e+02,7.865777587890625000e+02,8.571557998657226562e-01,5.191539306640625000e+02,7.758623657226562500e+02,4.719761312007904053e-01,4.905794677734375000e+02,8.651575317382812500e+02,7.291418910026550293e-01,4.691486206054687500e+02,8.651575317382812500e+02,7.689820528030395508e-01,5.191539306640625000e+02,9.437373046875000000e+02,8.884748816490173340e-01,4.405741577148437500e+02,9.365936889648437500e+02,8.271526098251342773e-01,5.405847778320312500e+02,1.015173461914062500e+03,8.110084533691406250e-01,4.191433105468750000e+02,1.000886230468750000e+03,9.547955393791198730e-01,5.012948608398437500e+02,6.758517456054687500e+02,8.755702972412109375e-01,4.834358520507812500e+02,7.258570556640625000e+02,8.782368898391723633e-01,4.762922363281250000e+02,8.615857543945312500e+02,9.062467813491821289e-01,4.512895507812500000e+02,1.029460693359375000e+03,7.923191785812377930e-01,5.798746337890625000e+02,1.033032470703125000e+03,7.218996882438659668e-01,4.477177734375000000e+02,1.025888916015625000e+03,7.118909955024719238e-01,5.763028564453125000e+02,1.036604370117187500e+03,6.989880204200744629e-01,4.084278564453125000e+02,1.018745300292968750e+03,8.022785186767578125e-01,5.370129394531250000e+02,1.033032470703125000e+03,8.801734447479248047e-01,4.155085453904151223e+02,6.714320330639648091e+02,1.488505141877735127e+02,3.678266331596134933e+02,0.000000000000000000e+00,0.000000000000000000e+00,1.000000000000000000e+00
2.224700000000000000e+04,1.020000000000000000e+02,3.127000000000000000e+03,2.080000000000000000e+02,5.268876342773437500e+02,7.151950073242187500e+02,8.652185797691345215e-01,5.268876342773437500e+02,7.044473266601562500e+02,8.502074480056762695e-01,5.233051147460937500e+02,7.080299072265625000e+02,9.148254394531250000e-01,4.982272949218750000e+02,7.080299072265625000e+02,5.297003388404846191e-01,5.018098449707031250e+02,7.080299072265625000e+02,9.077733159065246582e-01,4.946447448730468750e+02,7.402727661132812500e+02,6.637998819351196289e-01,4.731494750976562500e+02,7.438553466796875000e+02,8.178511261940002441e-01,5.161400146484375000e+02,7.796807861328125000e+02,7.239278554916381836e-01,5.089749145507812500e+02,7.796807861328125000e+02,7.351360321044921875e-01,5.376352539062500000e+02,7.868458862304687500e+02,8.496215343475341797e-01,5.197225341796875000e+02,7.402727661132812500e+02,8.747826218605041504e-01,4.982272949218750000e+02,8.584967651367187500e+02,8.100196719169616699e-01,4.767320251464843750e+02,8.620793457031250000e+02,7.571982145309448242e-01,5.268876342773437500e+02,9.408953247070312500e+02,8.796367049217224121e-01,4.552367553710937500e+02,9.337302246093750000e+02,8.251023292541503906e-01,5.448003540039062500e+02,1.012546203613281250e+03,6.624563932418823242e-01,4.265763854980468750e+02,9.910509643554687500e+02,8.905696272850036621e-01,5.053923645019531250e+02,6.757869873046875000e+02,8.745294809341430664e-01,4.910621948242187500e+02,7.259426269531250000e+02,8.663722276687622070e-01,4.874796447753906250e+02,8.549142456054687500e+02,8.827412128448486328e-01,4.516542053222656250e+02,1.030458984375000000e+03,8.563325405120849609e-01,5.448003540039062500e+02,1.016128784179687500e+03,4.664141237735748291e-01,4.480716552734375000e+02,1.023293823242187500e+03,7.700330615043640137e-01,5.627130737304687500e+02,1.023293823242187500e+03,5.040701031684875488e-01,4.086636657714843750e+02,1.005381103515625000e+03,7.292894124984741211e-01,5.412178344726562500e+02,1.034041503906250000e+03,7.478362917900085449e-01,4.124193444695048356e+02,6.729636769247630355e+02,1.508624763342760389e+02,3.669557824890376878e+02,0.000000000000000000e+00,0.000000000000000000e+00,1.000000000000000000e+00
2.224800000000000000e+04,1.020000000000000000e+02,3.127000000000000000e+03,2.090000000000000000e+02,5.336078491210937500e+02,7.184974365234375000e+02,8.620979785919189453e-01,5.336078491210937500e+02,7.074750976562500000e+02,8.319149613380432129e-01,5.299337768554687500e+02,7.074750976562500000e+02,8.891349434852600098e-01,5.042149963378906250e+02,7.038010253906250000e+02,5.613854527473449707e-01,5.115632324218750000e+02,7.074750976562500000e+02,8.730770945549011230e-01,4.968667907714843750e+02,7.368679809570312500e+02,6.605005860328674316e-01,4.821703491210937500e+02,7.405421142578125000e+02,8.314352631568908691e-01,5.115632324218750000e+02,7.736090698242187500e+02,7.395035028457641602e-01,5.115632324218750000e+02,7.736090698242187500e+02,7.807730436325073242e-01,5.409560546875000000e+02,7.809572753906250000e+02,8.169764280319213867e-01,5.299337768554687500e+02,7.442161865234375000e+02,8.265641331672668457e-01,4.968667907714843750e+02,8.581135253906250000e+02,7.540063858032226562e-01,5.005408935546875000e+02,8.617876586914062500e+02,7.290073037147521973e-01,5.372819824218750000e+02,9.389439086914062500e+02,7.307192683219909668e-01,4.674739379882812500e+02,9.389439086914062500e+02,6.952701210975646973e-01,5.483043212890625000e+02,1.016100158691406250e+03,4.337373971939086914e-01,4.344069519042968750e+02,9.903814086914062500e+02,7.361035346984863281e-01,5.189114379882812500e+02,6.780822753906250000e+02,8.840712308883666992e-01,5.005408935546875000e+02,7.221715698242187500e+02,8.992474079132080078e-01,4.968667907714843750e+02,8.581135253906250000e+02,8.955209851264953613e-01,4.491033935546875000e+02,1.027122558593750000e+03,8.743736147880554199e-01,5.740230712890625000e+02,1.027122558593750000e+03,4.693506360054016113e-01,4.454292907714843750e+02,1.023448425292968750e+03,8.432339429855346680e-01,5.703489379882812500e+02,1.027122558593750000e+03,5.768497586250305176e-01,4.160364074707031250e+02,9.977296142578125000e+02,8.225699663162231445e-01,5.409560546875000000e+02,1.034470703125000000e+03,7.632193565368652344e-01,4.130032327586986867e+02,6.701088791851491351e+02,1.548717074573826267e+02,3.728724513907147866e+02,0.000000000000000000e+00,0.000000000000000000e+00,1.000000000000000000e+00
2.224900000000000000e+04,1.020000000000000000e+02,3.127000000000000000e+03,2.100000000000000000e+02,5.444400634765625000e+02,7.184531250000000000e+02,8.752700686454772949e-01,5.444400634765625000e+02,7.075110473632812500e+02,8.216255307197570801e-01,5.407927246093750000e+02,7.075110473632812500e+02,8.712965846061706543e-01,5.116138000488281250e+02,7.038636474609375000e+02,5.951339602470397949e-01,5.262032470703125000e+02,7.075110473632812500e+02,8.628510832786560059e-01,4.933769836425781250e+02,7.366899414062500000e+02,7.429884076118469238e-01,4.933769836425781250e+02,7.439846801757812500e+02,7.989898324012756348e-01,5.189085083007812500e+02,7.731635742187500000e+02,7.470570802688598633e-01,5.298505859375000000e+02,7.768109130859375000e+02,7.150448560714721680e-01,5.517348022460937500e+02,7.768109130859375000e+02,7.444182634353637695e-01,5.407927246093750000e+02,7.439846801757812500e+02,8.349151611328125000e-01,4.970243225097656250e+02,8.643476562500000000e+02,7.722672224044799805e-01,5.189085083007812500e+02,8.679950561523437500e+02,8.323590159416198730e-01,4.824348754882812500e+02,9.409423217773437500e+02,5.796068906784057617e-01,5.444400634765625000e+02,9.445897216796875000e+02,8.692022562026977539e-01,4.459612426757812500e+02,9.883580932617187500e+02,9.215692877769470215e-01,5.480874633789062500e+02,1.021184326171875000e+03,8.495061993598937988e-01,5.298505859375000000e+02,6.783320922851562500e+02,9.275440573692321777e-01,5.116138000488281250e+02,7.257478637695312500e+02,8.768414258956909180e-01,5.079664306640625000e+02,8.607003173828125000e+02,8.370412588119506836e-01,4.532559509277343750e+02,1.028479125976562500e+03,9.332855939865112305e-01,5.736189575195312500e+02,1.028479125976562500e+03,6.566392183303833008e-01,4.459612426757812500e+02,1.024831665039062500e+03,8.588569164276123047e-01,5.699716186523437500e+02,1.032126464843750000e+03,7.607895731925964355e-01,4.313717651367187500e+02,9.883580932617187500e+02,9.120685458183288574e-01,5.407927246093750000e+02,1.032126464843750000e+03,8.731136918067932129e-01,4.174734496546799392e+02,6.668260857642301289e+02,1.572620145060191135e+02,3.732976687872221646e+02,0.000000000000000000e+00,0.000000000000000000e+00,1.000000000000000000e+00
2.225000000000000000e+04,1.020000000000000000e+02,3.127000000000000000e+03,2.110000000000000000e+02,5.575800781250000000e+02,7.126647338867187500e+02,9.075144529342651367e-01,5.538536987304687500e+02,7.052120361328125000e+02,8.865537643432617188e-01,5.538536987304687500e+02,7.052120361328125000e+02,9.376405477523803711e-01,5.203166503906250000e+02,7.052120361328125000e+02,6.101894974708557129e-01,5.352220458984375000e+02,7.089383544921875000e+02,8.730491399765014648e-01,5.054113159179687500e+02,7.387490844726562500e+02,6.861177086830139160e-01,5.091376342773437500e+02,7.424754638671875000e+02,7.831168770790100098e-01,5.314956665039062500e+02,7.797388305664062500e+02,6.373885869979858398e-01,5.389483642578125000e+02,7.760125122070312500e+02,6.718152761459350586e-01,5.687590942382812500e+02,7.834651489257812500e+02,8.169593214988708496e-01,5.501273803710937500e+02,7.424754638671875000e+02,8.634460568428039551e-01,5.165903320312500000e+02,8.617183227539062500e+02,6.194740533828735352e-01,5.277693481445312500e+02,8.654446411132812500e+02,7.414348721504211426e-01,5.091376342773437500e+02,9.474241333007812500e+02,4.628435075283050537e-01,5.464010620117187500e+02,9.436978149414062500e+02,7.384159564971923828e-01,4.569688720703125000e+02,9.884138793945312500e+02,8.126919865608215332e-01,5.501273803710937500e+02,1.021950927734375000e+03,7.419831156730651855e-01,5.389483642578125000e+02,6.754013061523437500e+02,8.682097792625427246e-01,5.240430297851562500e+02,7.238437500000000000e+02,8.676444888114929199e-01,5.203166503906250000e+02,8.617183227539062500e+02,8.614549636840820312e-01,4.606952209472656250e+02,1.025677246093750000e+03,9.330439567565917969e-01,5.799381103515625000e+02,1.029403564453125000e+03,6.952533721923828125e-01,4.606952209472656250e+02,1.021950927734375000e+03,8.765056133270263672e-01,5.799381103515625000e+02,1.036856323242187500e+03,7.113228440284729004e-01,4.420635070800781250e+02,9.809611816406250000e+02,8.805729746818542480e-01,5.426746826171875000e+02,1.033130004882812500e+03,7.994905710220336914e-01,4.335460295258832275e+02,6.634270463311825097e+02,1.595236042392136824e+02,3.787952679752686436e+02,0.000000000000000000e+00,0.000000000000000000e+00,1.000000000000000000e+00
2.225100000000000000e+04,1.020000000000000000e+02,3.127000000000000000e+03,2.120000000000000000e+02,5.660131225585937500e+02,7.098088378906250000e+02,9.099154472351074219e-01,5.623635864257812500e+02,6.988601074218750000e+02,7.573083639144897461e-01,5.623635864257812500e+02,7.025097045898437500e+02,8.754801750183105469e-01,5.222181396484375000e+02,7.025097045898437500e+02,6.900531649589538574e-01,5.477652587890625000e+02,7.061592407226562500e+02,8.331745862960815430e-01,5.039702453613281250e+02,7.390054931640625000e+02,7.951307892799377441e-01,5.258677368164062500e+02,7.426550903320312500e+02,7.431735992431640625e-01,5.404660644531250000e+02,7.755013427734375000e+02,7.723878622055053711e-01,5.660131225585937500e+02,7.755013427734375000e+02,8.104575872421264648e-01,5.660131225585937500e+02,7.353558959960937500e+02,7.746710777282714844e-01,5.660131225585937500e+02,7.353558959960937500e+02,9.645513296127319336e-01,5.185686035156250000e+02,8.594417114257812500e+02,7.517452836036682129e-01,5.404660644531250000e+02,8.630913085937500000e+02,7.854443788528442383e-01,5.295173339843750000e+02,9.360829467773437500e+02,7.138679027557373047e-01,5.477652587890625000e+02,9.397324829101562500e+02,8.870785832405090332e-01,4.784231872558593750e+02,9.871770629882812500e+02,8.723527789115905762e-01,5.477652587890625000e+02,1.020023315429687500e+03,8.893301486968994141e-01,5.477652587890625000e+02,6.769625854492187500e+02,8.381555676460266113e-01,5.295173339843750000e+02,7.207575683593750000e+02,8.840923309326171875e-01,5.295173339843750000e+02,8.594417114257812500e+02,9.032663106918334961e-01,4.820727539062500000e+02,1.023672912597656250e+03,9.810726642608642578e-01,5.769619140625000000e+02,1.030972045898437500e+03,7.254827022552490234e-01,4.820727539062500000e+02,1.020023315429687500e+03,9.001331925392150879e-01,5.769619140625000000e+02,1.034621582031250000e+03,7.883308529853820801e-01,4.638248596191406250e+02,9.835274658203125000e+02,9.113886952400207520e-01,5.404660644531250000e+02,1.034621582031250000e+03,9.212936162948608398e-01,4.522692362880127348e+02,6.633572086200756530e+02,1.562589502539383375e+02,3.756976422785528484e+02,0.000000000000000000e+00,0.000000000000000000e+00,1.000000000000000000e+00
2.225200000000000000e+04,1.020000000000000000e+02,3.127000000000000000e+03,2.130000000000000000e+02,5.772418212890625000e+02,7.093859252929687500e+02,9.135068655014038086e-01,5.772418212890625000e+02,7.018987426757812500e+02,8.334221839904785156e-01,5.772418212890625000e+02,7.018987426757812500e+02,9.439991712570190430e-01,5.398061523437500000e+02,7.018987426757812500e+02,6.126795411109924316e-01,5.622675781250000000e+02,7.056423339843750000e+02,8.508178591728210449e-01,5.173447265625000000e+02,7.355908813476562500e+02,7.063258886337280273e-01,5.472932739257812500e+02,7.430780639648437500e+02,6.062747240066528320e-01,5.360625610351562500e+02,7.880008544921875000e+02,3.331688344478607178e-01,5.772418212890625000e+02,7.842573242187500000e+02,4.284810125827789307e-01,5.772418212890625000e+02,7.355908813476562500e+02,6.915377974510192871e-01,5.809854125976562500e+02,7.393344726562500000e+02,8.195276856422424316e-01,5.285754394531250000e+02,8.628722534179687500e+02,7.185510993003845215e-01,5.510368652343750000e+02,8.666158447265625000e+02,7.392039895057678223e-01,5.435497436523437500e+02,9.377436523437500000e+02,6.407936811447143555e-01,5.585239868164062500e+02,9.377436523437500000e+02,8.084685802459716797e-01,5.023704528808593750e+02,9.901536254882812500e+02,7.919334769248962402e-01,5.510368652343750000e+02,1.020102172851562500e+03,7.945548892021179199e-01,5.585239868164062500e+02,6.719501953125000000e+02,8.635813593864440918e-01,5.435497436523437500e+02,7.206166381835937500e+02,8.501120805740356445e-01,5.398061523437500000e+02,8.591287231445312500e+02,8.439584374427795410e-01,5.136011962890625000e+02,1.027589355468750000e+03,8.944227695465087891e-01,5.697546997070312500e+02,1.031332885742187500e+03,7.248992323875427246e-01,5.061140136718750000e+02,1.023845764160156250e+03,9.061982035636901855e-01,5.697546997070312500e+02,1.031332885742187500e+03,8.122027516365051270e-01,4.873961791992187500e+02,9.901536254882812500e+02,7.901602387428283691e-01,5.435497436523437500e+02,1.031332885742187500e+03,7.790287733078002930e-01,4.653669740316206571e+02,6.597978723512252373e+02,1.562022169099825533e+02,3.808467291195410098e+02,0.000000000000000000e+00,0.000000000000000000e+00,1.000000000000000000e+00
2.225300000000000000e+04,1.020000000000000000e+02,3.107000000000000000e+03,2.140000000000000000e+02,5.909915771484375000e+02,7.075212402343750000e+02,9.531686305999755859e-01,5.909915771484375000e+02,6.997609863281250000e+02,8.792908191680908203e-01,5.909915771484375000e+02,6.997609863281250000e+02,9.103833436965942383e-01,5.521903076171875000e+02,6.997609863281250000e+02,5.665935873985290527e-01,5.754710693359375000e+02,7.036411132812500000e+02,8.603731989860534668e-01,5.250294189453125000e+02,7.346820678710937500e+02,7.903040647506713867e-01,5.599505615234375000e+02,7.463224487304687500e+02,6.926483511924743652e-01,5.405499267578125000e+02,7.928839721679687500e+02,7.228382825851440430e-01,5.715909423828125000e+02,8.084044189453125000e+02,4.391345083713531494e-01,5.832313232421875000e+02,7.424423217773437500e+02,3.613795936107635498e-01,5.871114501953125000e+02,8.666063232421875000e+02,5.667281746864318848e-01,5.366697998046875000e+02,8.666063232421875000e+02,6.584285497665405273e-01,5.560704345703125000e+02,8.743665771484375000e+02,7.624127268791198730e-01,5.483101806640625000e+02,9.597293090820312500e+02,5.007400512695312500e-01,5.521903076171875000e+02,9.752498168945312500e+02,4.942329823970794678e-01,5.289095458984375000e+02,1.002410644531250000e+03,5.722405314445495605e-01,5.483101806640625000e+02,1.021811279296875000e+03,6.624938845634460449e-01,5.715909423828125000e+02,6.764802246093750000e+02,7.983747124671936035e-01,5.560704345703125000e+02,7.191615600585937500e+02,8.677372932434082031e-01,5.444300537109375000e+02,8.666063232421875000e+02,8.704323172569274902e-01,5.250294189453125000e+02,1.029571533203125000e+03,5.048267245292663574e-01,5.677108154296875000e+02,1.033451660156250000e+03,6.872241497039794922e-01,5.211492919921875000e+02,1.025691406250000000e+03,5.278508067131042480e-01,5.677108154296875000e+02,1.037331787109375000e+03,6.794552206993103027e-01,5.133890991210937500e+02,9.985305175781250000e+02,5.764567852020263672e-01,5.366697998046875000e+02,1.029571533203125000e+03,6.671199202537536621e-01,4.792325133082456432e+02,6.534738048274609810e+02,1.593074129664310021e+02,3.919454151200093293e+02,0.000000000000000000e+00,0.000000000000000000e+00,1.000000000000000000e+00
2.225400000000000000e+04,1.020000000000000000e+02,3.107000000000000000e+03,2.150000000000000000e+02,6.060897827148437500e+02,7.086335449218750000e+02,9.471074938774108887e-01,6.022205200195312500e+02,7.008948974609375000e+02,9.140985012054443359e-01,6.022205200195312500e+02,7.008948974609375000e+02,9.593770503997802734e-01,5.673967895507812500e+02,6.970256347656250000e+02,6.316768527030944824e-01,5.906126098632812500e+02,7.008948974609375000e+02,9.161453843116760254e-01,5.441809692382812500e+02,7.279800415039062500e+02,7.765829563140869141e-01,5.635274658203125000e+02,7.357186279296875000e+02,6.636945605278015137e-01,5.673967895507812500e+02,7.860195922851562500e+02,5.650213360786437988e-01,5.867432861328125000e+02,7.782810058593750000e+02,5.556246042251586914e-01,6.138284301757812500e+02,7.744116821289062500e+02,6.135469675064086914e-01,6.022205200195312500e+02,7.357186279296875000e+02,7.696357369422912598e-01,5.403116455078125000e+02,8.634056396484375000e+02,5.490695834159851074e-01,5.596581420898437500e+02,8.711442871093750000e+02,7.218205928802490234e-01,5.635274658203125000e+02,9.523996582031250000e+02,3.757195174694061279e-01,5.635274658203125000e+02,9.601382446289062500e+02,4.331045746803283691e-01,5.519195556640625000e+02,1.022047119140625000e+03,6.464416980743408203e-01,5.557888793945312500e+02,1.022047119140625000e+03,6.535756587982177734e-01,5.867432861328125000e+02,6.738098144531250000e+02,8.457326292991638184e-01,5.712660522460937500e+02,7.163721313476562500e+02,8.495022654533386230e-01,5.480502319335937500e+02,8.634056396484375000e+02,8.321140408515930176e-01,5.867432861328125000e+02,1.029785644531250000e+03,7.917263507843017578e-01,5.867432861328125000e+02,1.029785644531250000e+03,7.606086730957031250e-01,5.828739624023437500e+02,1.029785644531250000e+03,7.453712821006774902e-01,5.828739624023437500e+02,1.033655029296875000e+03,7.882102727890014648e-01,5.325730590820312500e+02,1.033655029296875000e+03,7.942332625389099121e-01,5.441809692382812500e+02,1.029785644531250000e+03,6.247824430465698242e-01,4.893245783256387540e+02,6.519290832282729298e+02,1.599049237310512126e+02,3.953953486924010576e+02,0.000000000000000000e+00,0.000000000000000000e+00,1.000000000000000000e+00
2.225500000000000000e+04,1.020000000000000000e+02,3.107000000000000000e+03,2.160000000000000000e+02,6.148518676757812500e+02,7.068449707031250000e+02,8.338398933410644531e-01,6.148518676757812500e+02,6.958236694335937500e+02,8.118714094161987305e-01,6.111780395507812500e+02,6.958236694335937500e+02,8.524215221405029297e-01,5.744401855468750000e+02,6.921498413085937500e+02,5.277059078216552734e-01,5.928091430664062500e+02,6.958236694335937500e+02,9.008029103279113770e-01,5.634188232421875000e+02,7.288876953125000000e+02,7.506493926048278809e-01,5.707664184570312500e+02,7.325615234375000000e+02,7.815985083580017090e-01,5.781140136718750000e+02,7.913421020507812500e+02,5.414463281631469727e-01,5.928091430664062500e+02,7.766469116210937500e+02,6.107339859008789062e-01,6.221994018554687500e+02,7.803207397460937500e+02,5.976532697677612305e-01,6.148518676757812500e+02,7.325615234375000000e+02,8.309012055397033691e-01,5.781140136718750000e+02,8.574702148437500000e+02,5.942125916481018066e-01,5.707664184570312500e+02,8.611440429687500000e+02,6.789005398750305176e-01,6.038305053710937500e+02,9.346197509765625000e+02,7.476826310157775879e-01,5.634188232421875000e+02,9.346197509765625000e+02,6.122022271156311035e-01,5.928091430664062500e+02,1.011769226074218750e+03,6.343703866004943848e-01,5.523974609375000000e+02,1.015443054199218750e+03,5.575547814369201660e-01,5.964829101562500000e+02,6.627595825195312500e+02,8.359238505363464355e-01,5.817877807617187500e+02,7.141925659179687500e+02,8.809547424316406250e-01,5.744401855468750000e+02,8.574702148437500000e+02,8.391219973564147949e-01,5.744401855468750000e+02,1.033812011718750000e+03,6.006817817687988281e-01,6.221994018554687500e+02,1.030138183593750000e+03,9.005771279335021973e-01,5.744401855468750000e+02,1.030138183593750000e+03,6.008420586585998535e-01,6.185256347656250000e+02,1.033812011718750000e+03,9.017863869667053223e-01,5.377023315429687500e+02,1.030138183593750000e+03,8.309415578842163086e-01,5.854615478515625000e+02,1.022790588378906250e+03,8.893367052078247070e-01,5.000654291286166426e+02,6.568979570431494039e+02,1.547060116255715911e+02,3.835544320218044732e+02,0.000000000000000000e+00,0.000000000000000000e+00,1.000000000000000000e+00
2.225600000000000000e+04,1.020000000000000000e+02,3.122000000000000000e+03,2.170000000000000000e+02,6.267008056640625000e+02,7.054216308593750000e+02,9.287855625152587891e-01,6.229137573242187500e+02,6.978475341796875000e+02,8.670636415481567383e-01,6.229137573242187500e+02,6.978475341796875000e+02,9.269621968269348145e-01,5.850432128906250000e+02,6.940604858398437500e+02,6.012445688247680664e-01,6.077655639648437500e+02,7.016345825195312500e+02,8.610343933105468750e-01,5.698950195312500000e+02,7.281439819335937500e+02,7.565579414367675781e-01,5.850432128906250000e+02,7.357180786132812500e+02,7.195912003517150879e-01,5.926173706054687500e+02,7.811627197265625000e+02,4.330829083919525146e-01,6.115526123046875000e+02,7.773756713867187500e+02,6.639310717582702637e-01,6.229137573242187500e+02,7.395051269531250000e+02,7.067903876304626465e-01,6.229137573242187500e+02,7.357180786132812500e+02,8.336451649665832520e-01,5.698950195312500000e+02,8.569038085937500000e+02,6.899507641792297363e-01,5.850432128906250000e+02,8.606908569335937500e+02,7.240563035011291504e-01,6.153396606445312500e+02,9.326448364257812500e+02,3.944215476512908936e-01,6.153396606445312500e+02,9.288577880859375000e+02,6.080535054206848145e-01,5.509597778320312500e+02,1.019747070312500000e+03,6.773376464843750000e-01,6.267008056640625000e+02,1.015960021972656250e+03,4.482997953891754150e-01,6.039785156250000000e+02,6.751252441406250000e+02,8.221132159233093262e-01,5.926173706054687500e+02,7.167828369140625000e+02,8.464747667312622070e-01,5.774691162109375000e+02,8.569038085937500000e+02,8.563097715377807617e-01,5.774691162109375000e+02,1.031108276367187500e+03,6.438682079315185547e-01,6.532102050781250000e+02,1.023534118652343750e+03,8.465769290924072266e-01,5.774691162109375000e+02,1.031108276367187500e+03,6.507797837257385254e-01,6.532102050781250000e+02,1.027321166992187500e+03,8.374760150909423828e-01,5.395985717773437500e+02,1.027321166992187500e+03,8.322125077247619629e-01,6.191267089843750000e+02,1.023534118652343750e+03,9.385774731636047363e-01,5.092917736667446889e+02,6.544608459681822978e+02,1.556647193390983830e+02,3.865863816878999160e+02,0.000000000000000000e+00,0.000000000000000000e+00,1.000000000000000000e+00
2.225700000000000000e+04,1.020000000000000000e+02,3.122000000000000000e+03,2.180000000000000000e+02,6.392702636718750000e+02,7.079305419921875000e+02,9.200989007949829102e-01,6.354022216796875000e+02,7.001945190429687500e+02,8.326871395111083984e-01,6.354022216796875000e+02,7.001945190429687500e+02,8.853851556777954102e-01,5.967221069335937500e+02,7.001945190429687500e+02,5.983077883720397949e-01,6.160621948242187500e+02,7.040625000000000000e+02,8.907487988471984863e-01,5.735140380859375000e+02,7.311386108398437500e+02,9.108629822731018066e-01,6.083261718750000000e+02,7.466106567382812500e+02,6.822806000709533691e-01,5.928541259765625000e+02,7.852908325195312500e+02,6.141469478607177734e-01,6.276661987304687500e+02,7.775547485351562500e+02,5.128680467605590820e-01,6.315342407226562500e+02,7.388746337890625000e+02,7.482438087463378906e-01,6.354022216796875000e+02,7.388746337890625000e+02,6.941957473754882812e-01,5.735140380859375000e+02,8.626510620117187500e+02,7.003817558288574219e-01,5.967221069335937500e+02,8.665191040039062500e+02,7.677364349365234375e-01,6.392702636718750000e+02,9.361433715820312500e+02,5.205438733100891113e-01,5.619099731445312500e+02,9.438793945312500000e+02,2.757837772369384766e-01,6.586103515625000000e+02,1.013503662109375000e+03,6.498691439628601074e-01,5.541739501953125000e+02,1.025107666015625000e+03,3.905330896377563477e-01,6.160621948242187500e+02,6.731184082031250000e+02,8.586044311523437500e-01,6.005901489257812500e+02,7.195345458984375000e+02,9.156795740127563477e-01,5.851180419921875000e+02,8.587830810546875000e+02,8.464481830596923828e-01,5.812500610351562500e+02,1.040579711914062500e+03,5.137031078338623047e-01,6.972904663085937500e+02,1.025107666015625000e+03,9.194270372390747070e-01,5.773820190429687500e+02,1.036711669921875000e+03,5.246528387069702148e-01,6.934224853515625000e+02,1.025107666015625000e+03,9.065411686897277832e-01,5.387019042968750000e+02,1.028975708007812500e+03,8.446400761604309082e-01,6.508743286132812500e+02,1.028975708007812500e+03,9.096816182136535645e-01,5.272388924062759088e+02,6.519535478197733482e+02,1.621844653145489019e+02,3.931451514203081388e+02,0.000000000000000000e+00,0.000000000000000000e+00,1.000000000000000000e+00
2.225800000000000000e+04,1.020000000000000000e+02,3.122000000000000000e+03,2.190000000000000000e+02,6.541864624023437500e+02,7.095652465820312500e+02,9.125736951828002930e-01,6.504380493164062500e+02,6.983200073242187500e+02,8.249173760414123535e-01,6.504380493164062500e+02,7.020684204101562500e+02,9.174437522888183594e-01,6.054570922851562500e+02,7.020684204101562500e+02,6.430396437644958496e-01,6.354443969726562500e+02,7.058168334960937500e+02,9.049553871154785156e-01,5.829666137695312500e+02,7.320556640625000000e+02,8.539658188819885254e-01,6.204507446289062500e+02,7.507977294921875000e+02,6.310361623764038086e-01,6.466896362304687500e+02,7.582945556640625000e+02,4.239817559719085693e-01,6.504380493164062500e+02,7.695397949218750000e+02,5.892512798309326172e-01,6.429412231445312500e+02,7.358040771484375000e+02,3.824046254158020020e-01,6.466896362304687500e+02,7.395524902343750000e+02,7.157763838768005371e-01,5.904634399414062500e+02,8.632500610351562500e+02,5.105111002922058105e-01,5.942118530273437500e+02,8.669984741210937500e+02,6.897479295730590820e-01,6.504380493164062500e+02,9.344698486328125000e+02,7.949563860893249512e-01,5.604761962890625000e+02,9.419666748046875000e+02,6.904222965240478516e-01,6.766768798828125000e+02,1.009438049316406250e+03,7.463878393173217773e-01,5.529793701171875000e+02,1.016934875488281250e+03,7.147702574729919434e-01,6.316959838867187500e+02,6.720811157226562500e+02,8.647488951683044434e-01,6.129539184570312500e+02,7.208104248046875000e+02,9.261032342910766602e-01,5.942118530273437500e+02,8.595016479492187500e+02,8.831738829612731934e-01,5.792182617187500000e+02,1.031928466796875000e+03,4.331673681735992432e-01,7.254062500000000000e+02,1.020683288574218750e+03,8.819621205329895020e-01,5.754698486328125000e+02,1.028180175781250000e+03,4.060541093349456787e-01,7.216578369140625000e+02,1.024431762695312500e+03,8.688517212867736816e-01,5.417341308593750000e+02,1.028180175781250000e+03,5.601972937583923340e-01,6.766768798828125000e+02,1.028180175781250000e+03,8.704317212104797363e-01,5.419605513624230753e+02,6.557107600687256763e+02,1.637404717337335569e+02,3.875691489153252860e+02,0.000000000000000000e+00,0.000000000000000000e+00,1.000000000000000000e+00
2.225900000000000000e+04,1.020000000000000000e+02,3.122000000000000000e+03,2.200000000000000000e+02,6.607196044921875000e+02,7.148515014648437500e+02,9.118562936782836914e-01,6.569638061523437500e+02,7.035839843750000000e+02,8.358856439590454102e-01,6.569638061523437500e+02,7.073398437500000000e+02,9.475206732749938965e-01,6.156496582031250000e+02,7.035839843750000000e+02,6.740432381629943848e-01,6.419404296875000000e+02,7.110956420898437500e+02,8.752909302711486816e-01,5.931146240234375000e+02,7.411423339843750000e+02,8.760680556297302246e-01,6.269171142578125000e+02,7.486539916992187500e+02,6.510432362556457520e-01,6.344287719726562500e+02,7.599214477539062500e+02,5.361683964729309082e-01,6.644754638671875000e+02,7.711889648437500000e+02,7.836467027664184570e-01,6.569638061523437500e+02,7.411423339843750000e+02,6.033811569213867188e-01,6.607196044921875000e+02,7.411423339843750000e+02,6.359688639640808105e-01,5.931146240234375000e+02,8.613289184570312500e+02,6.642930507659912109e-01,6.156496582031250000e+02,8.650847167968750000e+02,7.270889878273010254e-01,6.644754638671875000e+02,9.326896972656250000e+02,7.450260519981384277e-01,5.705796508789062500e+02,9.402013549804687500e+02,5.943213105201721191e-01,6.907662353515625000e+02,1.011562194824218750e+03,6.098180413246154785e-01,5.518004760742187500e+02,1.019073852539062500e+03,5.737035274505615234e-01,6.381846313476562500e+02,6.772931518554687500e+02,8.917565941810607910e-01,6.231613159179687500e+02,7.223631591796875000e+02,8.815138339996337891e-01,6.043821411132812500e+02,8.613289184570312500e+02,8.575229644775390625e-01,5.780913085937500000e+02,1.030341308593750000e+03,6.372762322425842285e-01,7.358362426757812500e+02,1.022829650878906250e+03,8.548875451087951660e-01,5.743355102539062500e+02,1.030341308593750000e+03,5.577664971351623535e-01,7.320803833007812500e+02,1.026585449218750000e+03,8.647763133049011230e-01,5.442888183593750000e+02,1.026585449218750000e+03,6.531034708023071289e-01,6.945220947265625000e+02,1.030341308593750000e+03,8.559198379516601562e-01,5.480474336742390733e+02,6.581478391118811260e+02,1.660498725829179421e+02,3.858565975810678310e+02,0.000000000000000000e+00,0.000000000000000000e+00,1.000000000000000000e+00
2.226000000000000000e+04,1.020000000000000000e+02,3.122000000000000000e+03,2.210000000000000000e+02,6.707518310546875000e+02,7.161535644531250000e+02,9.174309372901916504e-01,6.670276489257812500e+02,7.087052612304687500e+02,8.673191666603088379e-01,6.670276489257812500e+02,7.087052612304687500e+02,9.220518469810485840e-01,6.260621337890625000e+02,7.049811401367187500e+02,6.071388125419616699e-01,6.484069824218750000e+02,7.124294433593750000e+02,8.593284487724304199e-01,6.186138305664062500e+02,7.347742919921875000e+02,7.554455399513244629e-01,6.297862548828125000e+02,7.422225341796875000e+02,7.726972103118896484e-01,6.707518310546875000e+02,7.571191406250000000e+02,5.945960283279418945e-01,6.707518310546875000e+02,7.720156860351562500e+02,7.396326065063476562e-01,6.968208007812500000e+02,7.682915039062500000e+02,3.988131582736968994e-01,6.819241943359375000e+02,7.571191406250000000e+02,4.813292324542999268e-01,6.297862548828125000e+02,8.576708984375000000e+02,6.240054368972778320e-01,6.111655273437500000e+02,8.576708984375000000e+02,7.122234702110290527e-01,6.819241943359375000e+02,9.321537475585937500e+02,6.557484865188598633e-01,5.739241333007812500e+02,9.321537475585937500e+02,5.569423437118530273e-01,7.042690429687500000e+02,1.014084838867187500e+03,6.957883238792419434e-01,5.553034057617187500e+02,1.010360717773437500e+03,6.795820593833923340e-01,6.484069824218750000e+02,6.826362915039062500e+02,8.898183703422546387e-01,6.372344970703125000e+02,7.273259887695312500e+02,8.324553966522216797e-01,6.186138305664062500e+02,8.539467773437500000e+02,7.893673777580261230e-01,7.340621948242187500e+02,1.014084838867187500e+03,2.104106843471527100e-01,7.340621948242187500e+02,1.017809020996093750e+03,3.003038465976715088e-01,7.340621948242187500e+02,1.014084838867187500e+03,3.228134214878082275e-01,7.340621948242187500e+02,1.021533142089843750e+03,2.901928126811981201e-01,7.005449218750000000e+02,1.025257324218750000e+03,2.040879875421524048e-01,7.005449218750000000e+02,1.028981445312500000e+03,4.550827145576477051e-01,5.517666605247172811e+02,6.602473542457513531e+02,1.669706048827542872e+02,3.830421680524190151e+02,0.000000000000000000e+00,0.000000000000000000e+00,1.000000000000000000e+00
2.226100000000000000e+04,1.020000000000000000e+02,3.122000000000000000e+03,2.220000000000000000e+02,6.835034179687500000e+02,7.188292236328125000e+02,8.829951882362365723e-01,6.798831787109375000e+02,7.079685058593750000e+02,7.550329566001892090e-01,6.798831787109375000e+02,7.115887451171875000e+02,8.998649716377258301e-01,6.328201293945312500e+02,7.079685058593750000e+02,6.148091554641723633e-01,6.617819824218750000e+02,7.152089843750000000e+02,8.767407536506652832e-01,6.255796508789062500e+02,7.405506591796875000e+02,7.426084876060485840e-01,6.400606079101562500e+02,7.514113159179687500e+02,7.350432872772216797e-01,6.726427001953125000e+02,7.695125122070312500e+02,6.301459074020385742e-01,6.943641357421875000e+02,7.695125122070312500e+02,8.801027536392211914e-01,7.016045532226562500e+02,7.767529907226562500e+02,4.007721245288848877e-01,6.871236572265625000e+02,7.405506591796875000e+02,9.325401782989501953e-01,6.509213256835937500e+02,8.600183715820312500e+02,4.175044596195220947e-01,6.291998901367187500e+02,8.636386108398437500e+02,6.306210756301879883e-01,7.016045532226562500e+02,9.613849487304687500e+02,3.108469545841217041e-01,5.857570800781250000e+02,9.179421386718750000e+02,2.467222511768341064e-01,7.124652709960937500e+02,1.001207519531250000e+03,6.488852500915527344e-01,5.604154663085937500e+02,1.008447937011718750e+03,5.360069870948791504e-01,6.581617431640625000e+02,6.826268920898437500e+02,9.484793543815612793e-01,6.473010864257812500e+02,7.296899414062500000e+02,9.027634859085083008e-01,6.328201293945312500e+02,8.563981323242187500e+02,6.783204078674316406e-01,7.088450317382812500e+02,1.004827758789062500e+03,2.314320951700210571e-01,5.748963623046875000e+02,1.026549194335937500e+03,1.588663011789321899e-01,7.269462280273437500e+02,1.001207519531250000e+03,2.573757469654083252e-01,7.305664672851562500e+02,1.012068176269531250e+03,1.410474032163619995e-01,7.088450317382812500e+02,1.012068176269531250e+03,3.085245788097381592e-01,5.531749877929687500e+02,1.022928894042968750e+03,3.449773192405700684e-01,5.524073524598705944e+02,6.662268296677884791e+02,1.671188552493375710e+02,3.749151909021175015e+02,0.000000000000000000e+00,0.000000000000000000e+00,1.000000000000000000e+00
2.226200000000000000e+04,1.020000000000000000e+02,3.112000000000000000e+03,2.230000000000000000e+02,6.922002563476562500e+02,7.145772094726562500e+02,9.242045283317565918e-01,6.922002563476562500e+02,7.071811523437500000e+02,7.979341745376586914e-01,6.885022583007812500e+02,7.071811523437500000e+02,8.965714573860168457e-01,6.441261596679687500e+02,7.071811523437500000e+02,6.103684306144714355e-01,6.737102661132812500e+02,7.145772094726562500e+02,8.350560069084167480e-01,6.330321655273437500e+02,7.367651977539062500e+02,7.957971692085266113e-01,6.552202148437500000e+02,7.515572509765625000e+02,7.731750011444091797e-01,6.774082641601562500e+02,7.552552490234375000e+02,4.675291180610656738e-01,6.958982543945312500e+02,7.774432983398437500e+02,6.935544610023498535e-01,7.032943115234375000e+02,7.552552490234375000e+02,5.756722092628479004e-01,7.106903076171875000e+02,7.552552490234375000e+02,7.288888096809387207e-01,6.589182128906250000e+02,8.551014404296875000e+02,5.428050756454467773e-01,6.367301635742187500e+02,8.587994384765625000e+02,6.659924387931823730e-01,6.995963134765625000e+02,9.216655883789062500e+02,6.441462039947509766e-01,6.034481201171875000e+02,9.290615844726562500e+02,4.155043661594390869e-01,7.143883056640625000e+02,1.010417724609375000e+03,7.108985781669616699e-01,5.664680175781250000e+02,1.006719726562500000e+03,5.888893008232116699e-01,6.700122070312500000e+02,6.812951049804687500e+02,9.068789482116699219e-01,6.589182128906250000e+02,7.256712036132812500e+02,8.807979822158813477e-01,6.441261596679687500e+02,8.514034423828125000e+02,7.169789075851440430e-01,7.217843017578125000e+02,1.010417724609375000e+03,2.090191245079040527e-01,7.217843017578125000e+02,1.017813720703125000e+03,3.242174088954925537e-01,7.291803588867187500e+02,1.010417724609375000e+03,2.952438592910766602e-01,7.254823608398437500e+02,1.017813720703125000e+03,3.412839174270629883e-01,7.106903076171875000e+02,1.025209716796875000e+03,2.713218331336975098e-01,7.106903076171875000e+02,1.028907714843750000e+03,5.115796923637390137e-01,5.529482048383309802e+02,6.649288559388750173e+02,1.708247053876735890e+02,3.771605664695790665e+02,0.000000000000000000e+00,0.000000000000000000e+00,1.000000000000000000e+00
2.226300000000000000e+04,1.020000000000000000e+02,3.107000000000000000e+03,2.240000000000000000e+02,7.036054077148437500e+02,7.132056274414062500e+02,8.870351910591125488e-01,7.036054077148437500e+02,7.057675170898437500e+02,8.066103458404541016e-01,6.998862915039062500e+02,7.057675170898437500e+02,9.090306162834167480e-01,6.589765625000000000e+02,7.057675170898437500e+02,6.540412306785583496e-01,6.850100097656250000e+02,7.094865722656250000e+02,8.438993096351623535e-01,6.478193359375000000e+02,7.392391357421875000e+02,7.764004468917846680e-01,6.626956176757812500e+02,7.466772460937500000e+02,8.352653384208679199e-01,6.812909545898437500e+02,7.689916992187500000e+02,6.629741787910461426e-01,7.147625732421875000e+02,7.764298095703125000e+02,8.026478290557861328e-01,7.073244628906250000e+02,7.429581909179687500e+02,7.818194627761840820e-01,7.147625732421875000e+02,7.392391357421875000e+02,8.530685901641845703e-01,6.478193359375000000e+02,8.582493896484375000e+02,6.228725910186767578e-01,6.552574462890625000e+02,8.656875000000000000e+02,7.120131850242614746e-01,6.143477172851562500e+02,9.363498535156250000e+02,4.206797480583190918e-01,7.110435180664062500e+02,9.326307983398437500e+02,1.247331723570823669e-01,7.147625732421875000e+02,1.010731262207031250e+03,5.786907076835632324e-01,7.184816894531250000e+02,1.018169433593750000e+03,5.076385140419006348e-01,6.850100097656250000e+02,6.797340087890625000e+02,8.646378517150878906e-01,6.701337280273437500e+02,7.280819091796875000e+02,8.870475292205810547e-01,6.515383911132812500e+02,8.582493896484375000e+02,7.830975651741027832e-01,5.622807006835937500e+02,1.007012207031250000e+03,3.685736656188964844e-01,7.259197998046875000e+02,1.018169433593750000e+03,5.088221430778503418e-01,5.659997558593750000e+02,1.021888488769531250e+03,3.809217214584350586e-01,7.333579711914062500e+02,1.021888488769531250e+03,5.409551858901977539e-01,5.659997558593750000e+02,1.018169433593750000e+03,3.987357914447784424e-01,7.110435180664062500e+02,1.029326660156250000e+03,7.225014567375183105e-01,5.558966687277817300e+02,6.633292619089523896e+02,1.758629163202289192e+02,3.794398205316957728e+02,0.000000000000000000e+00,0.000000000000000000e+00,1.000000000000000000e+00
2.226400000000000000e+04,1.020000000000000000e+02,3.107000000000000000e+03,2.250000000000000000e+02,7.146270751953125000e+02,7.146762695312500000e+02,8.652096986770629883e-01,7.146270751953125000e+02,7.033161621093750000e+02,7.233778238296508789e-01,7.108403320312500000e+02,7.071028442382812500e+02,9.207005500793457031e-01,6.653998413085937500e+02,7.071028442382812500e+02,7.162811160087585449e-01,6.956935424804687500e+02,7.146762695312500000e+02,8.904002904891967773e-01,6.578264160156250000e+02,7.373965454101562500e+02,8.514460325241088867e-01,6.767600097656250000e+02,7.487566528320312500e+02,7.741234302520751953e-01,7.032669067382812500e+02,7.714769287109375000e+02,6.748160123825073242e-01,7.259871826171875000e+02,7.714769287109375000e+02,8.697813153266906738e-01,7.184137573242187500e+02,7.373965454101562500e+02,7.686098217964172363e-01,7.259871826171875000e+02,7.336098022460937500e+02,9.649832248687744141e-01,6.578264160156250000e+02,8.585711669921875000e+02,7.149841785430908203e-01,6.805466918945312500e+02,8.623579101562500000e+02,7.607696652412414551e-01,6.426796264648437500e+02,9.305186157226562500e+02,4.806418120861053467e-01,7.184137573242187500e+02,9.343052978515625000e+02,5.473763942718505859e-01,6.010258178710937500e+02,9.986793823242187500e+02,7.941263318061828613e-01,7.146270751953125000e+02,1.013826171875000000e+03,5.414516329765319824e-01,6.956935424804687500e+02,6.805959472656250000e+02,9.037219882011413574e-01,6.805466918945312500e+02,7.260364379882812500e+02,9.157202839851379395e-01,6.691865844726562500e+02,8.547844848632812500e+02,8.511154651641845703e-01,5.669454345703125000e+02,1.006252746582031250e+03,6.843864917755126953e-01,7.297738647460937500e+02,1.010039489746093750e+03,6.741787791252136230e-01,5.669454345703125000e+02,1.010039489746093750e+03,7.311868071556091309e-01,7.373472900390625000e+02,1.017612915039062500e+03,6.243102550506591797e-01,5.896657104492187500e+02,1.006252746582031250e+03,6.096020936965942383e-01,7.108403320312500000e+02,1.025186279296875000e+03,8.193477392196655273e-01,5.722532134096178424e+02,6.605676129812367208e+02,1.797297904088367204e+02,3.848878660947831349e+02,0.000000000000000000e+00,0.000000000000000000e+00,1.000000000000000000e+00
2.226500000000000000e+04,1.020000000000000000e+02,3.107000000000000000e+03,2.260000000000000000e+02,7.255494384765625000e+02,7.125567016601562500e+02,8.890963792800903320e-01,7.217175903320312500e+02,7.010610961914062500e+02,7.655269503593444824e-01,7.217175903320312500e+02,7.048929443359375000e+02,8.497049212455749512e-01,6.795669555664062500e+02,7.010610961914062500e+02,7.302185893058776855e-01,7.025581665039062500e+02,7.087248535156250000e+02,8.593159317970275879e-01,6.680712890625000000e+02,7.355479736328125000e+02,8.303152322769165039e-01,6.833988037109375000e+02,7.432117309570312500e+02,7.632104158401489258e-01,7.140538330078125000e+02,7.738667602539062500e+02,5.246633291244506836e-01,7.293813476562500000e+02,7.700348510742187500e+02,8.888316750526428223e-01,7.255494384765625000e+02,7.355479736328125000e+02,5.577998161315917969e-01,7.293813476562500000e+02,7.317161254882812500e+02,8.990618586540222168e-01,6.795669555664062500e+02,8.619998779296875000e+02,6.691489815711975098e-01,6.910625610351562500e+02,8.658317871093750000e+02,7.607970833778381348e-01,6.719031982421875000e+02,9.463011474609375000e+02,3.421172797679901123e-01,7.102219238281250000e+02,9.463011474609375000e+02,5.117307305335998535e-01,6.144250488281250000e+02,9.999474487304687500e+02,8.256526589393615723e-01,7.178856811523437500e+02,1.015274963378906250e+03,5.649368762969970703e-01,7.025581665039062500e+02,6.780698242187500000e+02,9.193544387817382812e-01,6.910625610351562500e+02,7.240523681640625000e+02,9.246968626976013184e-01,6.872307128906250000e+02,8.619998779296875000e+02,8.448832035064697266e-01,6.029294433593750000e+02,1.015274963378906250e+03,6.346588134765625000e-01,7.332131958007812500e+02,1.022938659667968750e+03,4.994974434375762939e-01,5.990975341796875000e+02,1.015274963378906250e+03,6.284626722335815430e-01,7.332131958007812500e+02,1.022938659667968750e+03,5.724653601646423340e-01,5.990975341796875000e+02,1.003779296875000000e+03,6.583859324455261230e-01,7.102219238281250000e+02,1.026770507812500000e+03,6.558362841606140137e-01,5.839508259549049853e+02,6.602085986462868732e+02,1.831651340024834553e+02,3.899839735730222401e+02,0.000000000000000000e+00,0.000000000000000000e+00,1.000000000000000000e+00
2.226600000000000000e+04,1.020000000000000000e+02,3.107000000000000000e+03,2.270000000000000000e+02,7.366228637695312500e+02,7.134626464843750000e+02,8.843362927436828613e-01,7.327709350585937500e+02,7.019069213867187500e+02,7.577424049377441406e-01,7.327709350585937500e+02,7.019069213867187500e+02,8.576387763023376465e-01,6.942518310546875000e+02,7.019069213867187500e+02,7.428877949714660645e-01,7.173632812500000000e+02,7.057588500976562500e+02,8.970455527305603027e-01,6.788441772460937500e+02,7.365741577148437500e+02,8.013232946395874023e-01,6.942518310546875000e+02,7.442779541015625000e+02,7.182746529579162598e-01,7.212152099609375000e+02,7.750932617187500000e+02,4.565441012382507324e-01,7.404747924804687500e+02,7.673894653320312500e+02,8.825421929359436035e-01,7.327709350585937500e+02,7.327222290039062500e+02,4.668886363506317139e-01,7.404747924804687500e+02,7.327222290039062500e+02,9.144528508186340332e-01,6.865479736328125000e+02,8.598353881835937500e+02,7.063609361648559570e-01,7.058075561523437500e+02,8.636872558593750000e+02,7.665455937385559082e-01,7.135114135742187500e+02,9.407255249023437500e+02,6.641396880149841309e-01,7.212152099609375000e+02,9.368736572265625000e+02,7.836958765983581543e-01,6.403250122070312500e+02,9.985042724609375000e+02,8.023017644882202148e-01,7.173632812500000000e+02,1.017763793945312500e+03,8.192479610443115234e-01,7.135114135742187500e+02,6.787954101562500000e+02,9.402277469635009766e-01,7.019556274414062500e+02,7.250183715820312500e+02,9.556782245635986328e-01,6.942518310546875000e+02,8.598353881835937500e+02,8.599353432655334473e-01,6.326212158203125000e+02,1.025467651367187500e+03,7.748546004295349121e-01,7.289190673828125000e+02,1.017763793945312500e+03,7.293291091918945312e-01,6.287692871093750000e+02,1.025467651367187500e+03,7.348356246948242188e-01,7.327709350585937500e+02,1.025467651367187500e+03,7.570989727973937988e-01,6.210654907226562500e+02,9.985042724609375000e+02,6.936030983924865723e-01,7.096594848632812500e+02,1.029319580078125000e+03,8.199645876884460449e-01,5.978905158161563804e+02,6.579613304850238364e+02,1.840614211362554897e+02,3.932475979601692870e+02,0.000000000000000000e+00,0.000000000000000000e+00,1.000000000000000000e+00
2.226700000000000000e+04,1.020000000000000000e+02,3.122000000000000000e+03,2.280000000000000000e+02,7.475015258789062500e+02,7.063280639648437500e+02,9.182567596435546875e-01,7.475015258789062500e+02,6.987395019531250000e+02,8.343051671981811523e-01,7.437072143554687500e+02,6.987395019531250000e+02,8.844692111015319824e-01,7.095587158203125000e+02,6.987395019531250000e+02,6.832454800605773926e-01,7.247358398437500000e+02,6.987395019531250000e+02,8.513978123664855957e-01,6.867930908203125000e+02,7.366822509765625000e+02,7.898285388946533203e-01,7.057644653320312500e+02,7.404765625000000000e+02,7.915445566177368164e-01,7.095587158203125000e+02,7.935963745117187500e+02,6.748476624488830566e-01,7.475015258789062500e+02,7.898021240234375000e+02,5.394961237907409668e-01,7.550900268554687500e+02,7.898021240234375000e+02,6.284112930297851562e-01,7.475015258789062500e+02,7.328880004882812500e+02,9.306497573852539062e-01,7.019702148437500000e+02,8.618933715820312500e+02,6.895207762718200684e-01,7.133530273437500000e+02,8.656876220703125000e+02,7.992437481880187988e-01,7.133530273437500000e+02,9.491617431640625000e+02,7.519782185554504395e-01,7.247358398437500000e+02,9.491617431640625000e+02,7.653121352195739746e-01,6.602331542968750000e+02,1.009870117187500000e+03,8.458886146545410156e-01,7.171472778320312500e+02,1.025047241210937500e+03,6.953138113021850586e-01,7.323244018554687500e+02,6.721795654296875000e+02,8.646615147590637207e-01,7.133530273437500000e+02,7.177108764648437500e+02,9.635689258575439453e-01,7.057644653320312500e+02,8.580991210937500000e+02,8.567619323730468750e-01,6.716159667968750000e+02,1.021252929687500000e+03,6.168015003204345703e-01,7.247358398437500000e+02,1.013664428710937500e+03,6.089063882827758789e-01,6.488503417968750000e+02,1.009870117187500000e+03,5.573385357856750488e-01,7.247358398437500000e+02,1.021252929687500000e+03,7.030993103981018066e-01,6.488503417968750000e+02,1.021252929687500000e+03,7.137281894683837891e-01,7.057644653320312500e+02,1.036430053710937500e+03,6.792494654655456543e-01,6.224752791879326423e+02,6.554728145902296319e+02,1.802007171640933620e+02,3.905783985855138098e+02,0.000000000000000000e+00,0.000000000000000000e+00,1.000000000000000000e+00
2.226800000000000000e+04,1.020000000000000000e+02,3.127000000000000000e+03,2.290000000000000000e+02,7.540240478515625000e+02,7.036220092773437500e+02,8.926101326942443848e-01,7.540240478515625000e+02,6.961245117187500000e+02,8.301987648010253906e-01,7.502752685546875000e+02,6.961245117187500000e+02,8.576929569244384766e-01,7.202852783203125000e+02,6.961245117187500000e+02,6.048765778541564941e-01,7.315315551757812500e+02,6.961245117187500000e+02,8.439429402351379395e-01,7.052902832031250000e+02,7.336119995117187500e+02,8.088038563728332520e-01,7.127877807617187500e+02,7.373607788085937500e+02,8.791546821594238281e-01,7.315315551757812500e+02,7.898432617187500000e+02,7.600756883621215820e-01,7.427777709960937500e+02,7.823457641601562500e+02,7.041167616844177246e-01,7.615215454101562500e+02,7.860944824218750000e+02,8.053798079490661621e-01,7.540240478515625000e+02,7.336119995117187500e+02,9.240580797195434570e-01,7.202852783203125000e+02,8.498232421875000000e+02,7.808834314346313477e-01,7.240340576171875000e+02,8.535719604492187500e+02,8.224173784255981445e-01,7.315315551757812500e+02,9.285469360351562500e+02,6.818283796310424805e-01,7.352802734375000000e+02,9.285469360351562500e+02,6.856186389923095703e-01,7.090390625000000000e+02,1.003521911621093750e+03,7.435280084609985352e-01,7.127877807617187500e+02,1.003521911621093750e+03,7.745427489280700684e-01,7.390290527343750000e+02,6.698833007812500000e+02,8.806108236312866211e-01,7.202852783203125000e+02,7.186170043945312500e+02,9.277536869049072266e-01,7.240340576171875000e+02,8.498232421875000000e+02,9.277951717376708984e-01,7.352802734375000000e+02,1.026014404296875000e+03,5.316706299781799316e-01,7.427777709960937500e+02,1.022265686035156250e+03,6.943216919898986816e-01,7.352802734375000000e+02,1.022265686035156250e+03,5.617040395736694336e-01,7.390290527343750000e+02,1.026014404296875000e+03,6.974489688873291016e-01,6.790490722656250000e+02,1.018516906738281250e+03,6.552265286445617676e-01,6.977927856445312500e+02,1.014768188476562500e+03,6.065007448196411133e-01,6.409573309689590133e+02,6.556373368134891280e+02,1.736782390402443070e+02,3.864307928499681566e+02,0.000000000000000000e+00,0.000000000000000000e+00,1.000000000000000000e+00
2.226900000000000000e+04,1.020000000000000000e+02,3.127000000000000000e+03,2.300000000000000000e+02,7.655848999023437500e+02,7.021340942382812500e+02,8.923900723457336426e-01,7.655848999023437500e+02,6.946906127929687500e+02,8.642929792404174805e-01,7.618631591796875000e+02,6.946906127929687500e+02,8.686949610710144043e-01,7.246456909179687500e+02,6.909688720703125000e+02,6.674789190292358398e-01,7.432544555664062500e+02,6.946906127929687500e+02,8.047447800636291504e-01,7.097587280273437500e+02,7.319080200195312500e+02,8.335326910018920898e-01,7.283674316406250000e+02,7.356297607421875000e+02,7.590793371200561523e-01,7.320891723632812500e+02,7.914558715820312500e+02,6.388210654258728027e-01,7.655848999023437500e+02,7.728471679687500000e+02,6.105099916458129883e-01,7.730283813476562500e+02,7.988993530273437500e+02,5.298713445663452148e-01,7.618631591796875000e+02,7.244645385742187500e+02,9.370875954627990723e-01,7.320891723632812500e+02,8.621690063476562500e+02,5.861659049987792969e-01,7.358109130859375000e+02,8.621690063476562500e+02,6.159512996673583984e-01,7.209239501953125000e+02,1.007316894531250000e+03,4.580953121185302734e-01,7.358109130859375000e+02,9.998734130859375000e+02,3.942550718784332275e-01,7.172022094726562500e+02,1.025925659179687500e+03,6.754756569862365723e-01,7.320891723632812500e+02,1.029647338867187500e+03,6.097632646560668945e-01,7.469761962890625000e+02,6.723601684570312500e+02,8.185806274414062500e-01,7.320891723632812500e+02,7.132993164062500000e+02,9.492992162704467773e-01,7.320891723632812500e+02,8.547255249023437500e+02,7.667166590690612793e-01,7.469761962890625000e+02,1.029647338867187500e+03,5.143823623657226562e-01,7.506979370117187500e+02,1.025925659179687500e+03,6.211881637573242188e-01,7.395327148437500000e+02,1.025925659179687500e+03,4.838735163211822510e-01,7.544196777343750000e+02,1.033369140625000000e+03,6.684307456016540527e-01,7.060369873046875000e+02,1.033369140625000000e+03,9.067523479461669922e-01,7.209239501953125000e+02,1.033369140625000000e+03,6.460540294647216797e-01,6.547025454888859031e+02,6.500333264307002992e+02,1.673699015610696961e+02,3.830018396886014216e+02,0.000000000000000000e+00,0.000000000000000000e+00,1.000000000000000000e+00
2.227000000000000000e+04,1.020000000000000000e+02,3.127000000000000000e+03,2.310000000000000000e+02,7.759441528320312500e+02,7.002875366210937500e+02,8.870151042938232422e-01,7.759441528320312500e+02,6.923866577148437500e+02,8.219783902168273926e-01,7.759441528320312500e+02,6.923866577148437500e+02,8.838064670562744141e-01,7.285385742187500000e+02,6.923866577148437500e+02,8.024258017539978027e-01,7.601422729492187500e+02,6.963370971679687500e+02,8.087566494941711426e-01,7.166871948242187500e+02,7.318912963867187500e+02,8.943368196487426758e-01,7.443404541015625000e+02,7.358417358398437500e+02,7.773612737655639648e-01,7.364395141601562500e+02,7.792968139648437500e+02,5.867550373077392578e-01,7.798945922851562500e+02,7.753463745117187500e+02,5.308818221092224121e-01,7.877955322265625000e+02,7.832473144531250000e+02,5.171697139739990234e-01,7.719937133789062500e+02,7.239903564453125000e+02,8.523378372192382812e-01,7.285385742187500000e+02,8.583060913085937500e+02,7.192785143852233887e-01,7.522413940429687500e+02,8.622565917968750000e+02,7.421116232872009277e-01,7.364395141601562500e+02,9.610181274414062500e+02,4.648857414722442627e-01,7.680432128906250000e+02,9.689190673828125000e+02,5.142624974250793457e-01,7.206376342773437500e+02,1.020275085449218750e+03,7.628740072250366211e-01,7.561918334960937500e+02,1.024225585937500000e+03,5.413032174110412598e-01,7.522413940429687500e+02,6.726343383789062500e+02,8.407529592514038086e-01,7.403899536132812500e+02,7.121389770507812500e+02,9.081994295120239258e-01,7.403899536132812500e+02,8.583060913085937500e+02,8.726778626441955566e-01,7.285385742187500000e+02,1.020275085449218750e+03,7.860230803489685059e-01,7.443404541015625000e+02,1.012374206542968750e+03,5.985469222068786621e-01,7.087862548828125000e+02,1.020275085449218750e+03,7.588756680488586426e-01,7.601422729492187500e+02,1.012374206542968750e+03,5.291890501976013184e-01,7.127367553710937500e+02,1.032126464843750000e+03,7.758004665374755859e-01,7.522413940429687500e+02,1.028176025390625000e+03,5.897749066352844238e-01,6.629062684762134268e+02,6.392576715267524605e+02,1.694553666982335471e+02,3.972367111026618431e+02,0.000000000000000000e+00,0.000000000000000000e+00,1.000000000000000000e+00
2.227100000000000000e+04,1.020000000000000000e+02,3.107000000000000000e+03,2.320000000000000000e+02,7.836044311523437500e+02,6.994401245117187500e+02,8.778045773506164551e-01,7.836044311523437500e+02,6.920447387695312500e+02,7.472343444824218750e-01,7.799066772460937500e+02,6.920447387695312500e+02,8.879313468933105469e-01,7.318363647460937500e+02,6.957424316406250000e+02,7.374433279037475586e-01,7.651158447265625000e+02,6.994401245117187500e+02,8.703538775444030762e-01,7.133477783203125000e+02,7.364172973632812500e+02,8.331912159919738770e-01,7.725112304687500000e+02,7.475104370117187500e+02,8.264307975769042969e-01,7.318363647460937500e+02,7.955807495117187500e+02,6.275506615638732910e-01,7.983952636718750000e+02,8.214647827148437500e+02,7.387092113494873047e-01,7.946975708007812500e+02,7.881853027343750000e+02,6.320768594741821289e-01,8.057907104492187500e+02,7.807899169921875000e+02,6.845337748527526855e-01,7.281386718750000000e+02,8.621396484375000000e+02,7.086102366447448730e-01,7.725112304687500000e+02,8.658373413085937500e+02,7.394967079162597656e-01,7.281386718750000000e+02,9.508848266601562500e+02,5.283362865447998047e-01,7.836044311523437500e+02,9.619779663085937500e+02,4.620408415794372559e-01,7.170455322265625000e+02,1.024839111328125000e+03,7.201497554779052734e-01,7.909998168945312500e+02,1.035932250976562500e+03,5.113426446914672852e-01,7.577203979492187500e+02,6.735561523437500000e+02,7.968895435333251953e-01,7.503249511718750000e+02,7.142310180664062500e+02,9.136490821838378906e-01,7.503249511718750000e+02,8.584419555664062500e+02,8.712350726127624512e-01,7.355341186523437500e+02,1.024839111328125000e+03,6.944872140884399414e-01,8.242792968750000000e+02,1.017443725585937500e+03,1.193041130900382996e-01,7.318363647460937500e+02,1.024839111328125000e+03,6.428269147872924805e-01,8.168838500976562500e+02,1.024839111328125000e+03,1.989741623401641846e-01,7.096500854492187500e+02,1.032234619140625000e+03,8.299002647399902344e-01,7.873021240234375000e+02,1.024839111328125000e+03,2.917782366275787354e-01,6.810173374413816418e+02,6.447265183153079988e+02,1.616592882592508431e+02,3.856308835512874111e+02,0.000000000000000000e+00,0.000000000000000000e+00,1.000000000000000000e+00
2.227200000000000000e+04,1.020000000000000000e+02,3.127000000000000000e+03,2.330000000000000000e+02,7.991801757812500000e+02,7.104915771484375000e+02,8.722954392433166504e-01,8.029982299804687500e+02,6.990374755859375000e+02,7.935600280761718750e-01,7.953621215820312500e+02,6.990374755859375000e+02,8.672686815261840820e-01,7.495456542968750000e+02,6.990374755859375000e+02,6.226652860641479492e-01,7.800899658203125000e+02,7.028555297851562500e+02,8.356870412826538086e-01,7.304554443359375000e+02,7.410358886718750000e+02,8.796008229255676270e-01,7.839080200195312500e+02,7.486719970703125000e+02,8.694776296615600586e-01,7.419095458984375000e+02,8.021245727539062500e+02,8.661358356475830078e-01,8.106343383789062500e+02,8.212147827148437500e+02,7.052720785140991211e-01,8.029982299804687500e+02,7.983065185546875000e+02,7.803950309753417969e-01,8.182703857421875000e+02,7.906704711914062500e+02,6.252187490463256836e-01,7.342734985351562500e+02,8.708493041992187500e+02,8.071378469467163086e-01,7.839080200195312500e+02,8.746673583984375000e+02,8.444088101387023926e-01,7.304554443359375000e+02,9.548462524414062500e+02,7.371341586112976074e-01,8.029982299804687500e+02,9.701184082031250000e+02,8.186162114143371582e-01,7.190013427734375000e+02,1.023570983886718750e+03,8.380236625671386719e-01,8.220884399414062500e+02,1.023570983886718750e+03,6.417344212532043457e-01,7.800899658203125000e+02,6.799472656250000000e+02,6.789887547492980957e-01,7.648178100585937500e+02,7.219456787109375000e+02,9.515463113784790039e-01,7.571817016601562500e+02,8.670313110351562500e+02,9.450194835662841797e-01,7.304554443359375000e+02,1.019752929687500000e+03,7.356632351875305176e-01,8.220884399414062500e+02,1.012116882324218750e+03,3.438015878200531006e-01,7.228193359375000000e+02,1.019752929687500000e+03,6.594442129135131836e-01,8.373605957031250000e+02,1.015934875488281250e+03,4.397322833538055420e-01,7.113652343750000000e+02,1.031207031250000000e+03,8.229858875274658203e-01,8.182703857421875000e+02,1.023570983886718750e+03,4.662786722183227539e-01,6.933973475417219561e+02,6.507030047636151266e+02,1.614780353618729123e+02,3.892066157824235688e+02,1.000000000000000000e+00,0.000000000000000000e+00,1.000000000000000000e+00
2.227300000000000000e+04,1.020000000000000000e+02,3.108000000000000000e+03,2.340000000000000000e+02,8.151439208984375000e+02,7.094436035156250000e+02,8.833090066909790039e-01,8.151439208984375000e+02,7.018675537109375000e+02,8.124581575393676758e-01,8.075678710937500000e+02,7.018675537109375000e+02,8.419816493988037109e-01,7.583236083984375000e+02,7.018675537109375000e+02,6.248463392257690430e-01,7.924157714843750000e+02,7.056555786132812500e+02,8.243624567985534668e-01,7.431715698242187500e+02,7.473237915039062500e+02,8.029243350028991699e-01,7.924157714843750000e+02,7.511118164062500000e+02,7.536172270774841309e-01,7.583236083984375000e+02,8.079320678710937500e+02,6.054069995880126953e-01,8.151439208984375000e+02,8.306601562500000000e+02,5.187076926231384277e-01,8.227199096679687500e+02,8.268721313476562500e+02,7.765443325042724609e-01,8.302959594726562500e+02,7.889920043945312500e+02,5.596421360969543457e-01,7.431715698242187500e+02,8.723283691406250000e+02,7.409207224845886230e-01,7.962037963867187500e+02,8.799044189453125000e+02,6.869395375251770020e-01,7.393835449218750000e+02,9.480886840820312500e+02,3.913517892360687256e-01,8.151439208984375000e+02,9.746047973632812500e+02,4.547412693500518799e-01,7.204434814453125000e+02,1.012484985351562500e+03,6.078836917877197266e-01,8.492360229492187500e+02,1.020061035156250000e+03,2.035970091819763184e-01,7.848397827148437500e+02,6.829274902343750000e+02,6.953397989273071289e-01,7.772637329101562500e+02,7.245957031250000000e+02,8.270504474639892578e-01,7.658996582031250000e+02,8.647523193359375000e+02,8.300147056579589844e-01,7.393835449218750000e+02,1.016273010253906250e+03,6.537876129150390625e-01,8.833281860351562500e+02,1.039001098632812500e+03,1.740066409111022949e-01,7.204434814453125000e+02,1.016273010253906250e+03,5.001316666603088379e-01,8.681761474609375000e+02,1.046577148437500000e+03,2.180517762899398804e-01,7.166554565429687500e+02,1.023849060058593750e+03,5.144515037536621094e-01,8.719641723632812500e+02,1.039001098632812500e+03,1.007369458675384521e-01,7.060517233482278243e+02,6.550400676872891381e+02,1.608805816703697928e+02,3.884966910581924822e+02,1.000000000000000000e+00,0.000000000000000000e+00,1.000000000000000000e+00
2.227400000000000000e+04,1.020000000000000000e+02,3.107000000000000000e+03,2.350000000000000000e+02,8.280958862304687500e+02,7.190905761718750000e+02,9.010093212127685547e-01,8.280958862304687500e+02,7.114089355468750000e+02,8.795950412750244141e-01,8.242550659179687500e+02,7.075681152343750000e+02,8.617536425590515137e-01,7.820059204101562500e+02,7.075681152343750000e+02,5.417501926422119141e-01,8.050509033203125000e+02,7.075681152343750000e+02,8.501452207565307617e-01,7.589609375000000000e+02,7.498171997070312500e+02,7.806846499443054199e-01,8.012100830078125000e+02,7.536580810546875000e+02,6.574091315269470215e-01,7.781651000976562500e+02,7.997480468750000000e+02,3.904903233051300049e-01,8.280958862304687500e+02,8.419971313476562500e+02,5.002720952033996582e-01,8.319367675781250000e+02,7.920663452148437500e+02,7.917374372482299805e-01,8.396184082031250000e+02,7.882255249023437500e+02,7.296622395515441895e-01,7.589609375000000000e+02,8.727238159179687500e+02,6.599770784378051758e-01,8.050509033203125000e+02,8.765646362304687500e+02,6.965440511703491211e-01,7.512792968750000000e+02,9.418587646484375000e+02,3.198861181735992432e-01,8.242550659179687500e+02,9.610629272460937500e+02,3.509308695793151855e-01,7.243934936523437500e+02,1.007152893066406250e+03,6.745197176933288574e-01,8.665042114257812500e+02,1.026357055664062500e+03,3.587218523025512695e-01,8.088917846679687500e+02,6.806822509765625000e+02,7.754887342453002930e-01,7.896876220703125000e+02,7.267722167968750000e+02,7.936383485794067383e-01,7.820059204101562500e+02,8.688829956054687500e+02,8.128157854080200195e-01,7.320751342773437500e+02,1.026357055664062500e+03,4.736319780349731445e-01,9.049125366210937500e+02,1.030197875976562500e+03,4.376281201839447021e-01,7.243934936523437500e+02,1.022516174316406250e+03,4.640718698501586914e-01,9.049125366210937500e+02,1.034038696289062500e+03,4.803354144096374512e-01,7.128709716796875000e+02,1.018675354003906250e+03,5.074275135993957520e-01,8.780267333984375000e+02,1.045561157226562500e+03,3.740671575069427490e-01,7.149095708104243840e+02,6.575240976295395967e+02,1.631029234121442641e+02,3.917823533440679284e+02,1.000000000000000000e+00,0.000000000000000000e+00,1.000000000000000000e+00
2.227500000000000000e+04,1.020000000000000000e+02,3.116000000000000000e+03,2.360000000000000000e+02,8.333227539062500000e+02,7.216049804687500000e+02,7.500703334808349609e-01,8.370877075195312500e+02,7.140751342773437500e+02,7.825406789779663086e-01,8.295578613281250000e+02,7.103101806640625000e+02,7.084392309188842773e-01,7.843787841796875000e+02,7.103101806640625000e+02,4.757400155067443848e-01,8.107332763671875000e+02,7.103101806640625000e+02,8.218157291412353516e-01,7.730840454101562500e+02,7.441944580078125000e+02,7.480538487434387207e-01,8.032034301757812500e+02,7.517243041992187500e+02,7.194174528121948242e-01,7.806138916015625000e+02,8.006682739257812500e+02,6.494544744491577148e-01,8.107332763671875000e+02,7.743138427734375000e+02,3.160488903522491455e-01,8.446175537109375000e+02,7.969033813476562500e+02,8.320613503456115723e-01,8.483824462890625000e+02,7.893735351562500000e+02,7.659128308296203613e-01,7.768489379882812500e+02,8.646719360351562500e+02,7.267330288887023926e-01,8.107332763671875000e+02,8.722017822265625000e+02,7.518311738967895508e-01,7.504945068359375000e+02,9.362054443359375000e+02,6.690042614936828613e-01,8.408526000976562500e+02,9.587949829101562500e+02,4.846965968608856201e-01,7.279050292968750000e+02,1.007738952636718750e+03,8.259969353675842285e-01,8.785018310546875000e+02,1.030328491210937500e+03,5.798494815826416016e-01,8.182631225585937500e+02,6.877207031250000000e+02,7.694984674453735352e-01,8.032034301757812500e+02,7.291348266601562500e+02,8.314803838729858398e-01,7.919086303710937500e+02,8.646719360351562500e+02,8.577878475189208984e-01,7.316699218750000000e+02,1.026563476562500000e+03,5.556146502494812012e-01,9.123861083984375000e+02,1.045388183593750000e+03,4.979670345783233643e-01,7.279050292968750000e+02,1.026563476562500000e+03,6.172888278961181641e-01,9.086212158203125000e+02,1.049153076171875000e+03,5.512132048606872559e-01,7.279050292968750000e+02,1.019033691406250000e+03,6.887840628623962402e-01,8.822667236328125000e+02,1.049153076171875000e+03,5.924628973007202148e-01,7.197366549683157473e+02,6.608964128984559920e+02,1.629019884511207010e+02,3.878885380789977262e+02,1.000000000000000000e+00,0.000000000000000000e+00,1.000000000000000000e+00
2.227600000000000000e+04,1.020000000000000000e+02,3.116000000000000000e+03,2.370000000000000000e+02,8.434716796875000000e+02,7.225411987304687500e+02,8.714736700057983398e-01,8.472853393554687500e+02,7.111002807617187500e+02,8.834016323089599609e-01,8.358444213867187500e+02,7.072866821289062500e+02,8.274210691452026367e-01,8.358444213867187500e+02,7.149139404296875000e+02,4.109882712364196777e-01,8.167763061523437500e+02,7.111002807617187500e+02,7.985149621963500977e-01,7.862672729492187500e+02,7.492365722656250000e+02,7.557696104049682617e-01,8.167763061523437500e+02,7.568638305664062500e+02,7.104196548461914062e-01,8.053354492187500000e+02,7.988137207031250000e+02,3.139093220233917236e-01,8.244035644531250000e+02,7.721183471679687500e+02,2.123475223779678345e-01,8.549125976562500000e+02,8.026273193359375000e+02,7.686780691146850586e-01,8.587261962890625000e+02,7.911864624023437500e+02,7.330175042152404785e-01,7.900809326171875000e+02,8.636453857421875000e+02,7.326560616493225098e-01,8.244035644531250000e+02,8.674589843750000000e+02,7.216918468475341797e-01,7.633855590820312500e+02,9.361042480468750000e+02,3.894602358341217041e-01,8.587261962890625000e+02,9.589860229492187500e+02,5.500317811965942383e-01,7.366901245117187500e+02,1.004749572753906250e+03,8.232704997062683105e-01,8.816079711914062500e+02,1.031444946289062500e+03,5.969870090484619141e-01,8.320308227539062500e+02,6.844049072265625000e+02,8.037454485893249512e-01,8.129627075195312500e+02,7.339820556640625000e+02,7.671209573745727539e-01,8.053354492187500000e+02,8.598317260742187500e+02,7.626653313636779785e-01,7.176220092773437500e+02,1.023817687988281250e+03,5.788081288337707520e-01,9.197442016601562500e+02,1.054326660156250000e+03,7.351775765419006348e-01,7.252492675781250000e+02,1.027631347656250000e+03,6.945846676826477051e-01,9.159306030273437500e+02,1.058140380859375000e+03,7.780628204345703125e-01,7.328765258789062500e+02,1.016190429687500000e+03,7.234724164009094238e-01,8.816079711914062500e+02,1.046699462890625000e+03,6.643272042274475098e-01,7.209126610103703570e+02,6.622810853991724116e+02,1.658678573937077090e+02,3.896817979928270006e+02,1.000000000000000000e+00,0.000000000000000000e+00,1.000000000000000000e+00
2.227700000000000000e+04,1.020000000000000000e+02,3.107000000000000000e+03,2.380000000000000000e+02,8.622545776367187500e+02,7.227939453125000000e+02,8.820939660072326660e-01,8.622545776367187500e+02,7.110302124023437500e+02,9.158639311790466309e-01,8.544120483398437500e+02,7.110302124023437500e+02,8.575444817543029785e-01,8.348057250976562500e+02,7.149514770507812500e+02,5.972927212715148926e-01,8.348057250976562500e+02,7.149514770507812500e+02,8.659450411796569824e-01,8.034356079101562500e+02,7.502427978515625000e+02,6.929876208305358887e-01,8.191206665039062500e+02,7.502427978515625000e+02,7.923075556755065918e-01,8.112781372070312500e+02,8.051405029296875000e+02,5.590267777442932129e-01,8.348057250976562500e+02,7.659278564453125000e+02,8.979991674423217773e-01,8.700970458984375000e+02,8.051405029296875000e+02,8.022012710571289062e-01,8.700970458984375000e+02,7.855341796875000000e+02,9.130428433418273926e-01,8.073568725585937500e+02,8.678806762695312500e+02,7.202362418174743652e-01,8.269631958007812500e+02,8.678806762695312500e+02,7.456194162368774414e-01,7.759867553710937500e+02,9.463059082031250000e+02,2.957191169261932373e-01,8.661758422851562500e+02,9.541484375000000000e+02,6.996217966079711914e-01,7.485379638671875000e+02,1.005124816894531250e+03,7.200435400009155273e-01,8.857821044921875000e+02,1.032573730468750000e+03,6.917551755905151367e-01,8.426482543945312500e+02,6.796600952148437500e+02,8.949384689331054688e-01,8.269631958007812500e+02,7.384790039062500000e+02,8.978189826011657715e-01,8.191206665039062500e+02,8.639594116210937500e+02,8.575737476348876953e-01,7.132465820312500000e+02,1.020809875488281250e+03,7.127832174301147461e-01,9.210734863281250000e+02,1.060022460937500000e+03,7.477877736091613770e-01,7.210891113281250000e+02,1.024731201171875000e+03,7.372172474861145020e-01,9.171522216796875000e+02,1.060022460937500000e+03,7.388548851013183594e-01,7.446166992187500000e+02,1.012967346191406250e+03,7.251369953155517578e-01,8.818608398437500000e+02,1.052179931640625000e+03,6.976147294044494629e-01,7.338381922790799763e+02,6.592423613625148846e+02,1.695950550200967655e+02,3.976185859961112783e+02,1.000000000000000000e+00,0.000000000000000000e+00,1.000000000000000000e+00
2.227800000000000000e+04,1.020000000000000000e+02,3.107000000000000000e+03,2.390000000000000000e+02,8.689204101562500000e+02,7.225823974609375000e+02,8.971878886222839355e-01,8.689204101562500000e+02,7.114036254882812500e+02,9.065706133842468262e-01,8.651941528320312500e+02,7.114036254882812500e+02,8.730792999267578125e-01,8.391103515625000000e+02,7.114036254882812500e+02,5.927749276161193848e-01,8.428366088867187500e+02,7.114036254882812500e+02,8.479507565498352051e-01,8.465628662109375000e+02,7.561187744140625000e+02,6.952682137489318848e-01,8.167527465820312500e+02,7.523925170898437500e+02,8.936230540275573730e-01,8.614678955078125000e+02,8.343703002929687500e+02,4.792767465114593506e-01,8.428366088867187500e+02,7.635712890625000000e+02,7.641708254814147949e-01,8.838255004882812500e+02,8.008339233398437500e+02,8.675543069839477539e-01,8.800992431640625000e+02,7.859288940429687500e+02,7.012780904769897461e-01,8.428366088867187500e+02,8.716329345703125000e+02,7.402784228324890137e-01,8.316578369140625000e+02,8.716329345703125000e+02,7.717325091361999512e-01,8.838255004882812500e+02,9.536107177734375000e+02,5.647349953651428223e-01,8.689204101562500000e+02,9.573369750976562500e+02,2.207160145044326782e-01,7.608588256835937500e+02,9.945995483398437500e+02,7.468530535697937012e-01,8.875517578125000000e+02,1.043041015625000000e+03,7.125425338745117188e-01,8.540153808593750000e+02,6.815935058593750000e+02,8.895871043205261230e-01,8.353840942382812500e+02,7.337612304687500000e+02,9.205536842346191406e-01,8.353840942382812500e+02,8.679066772460937500e+02,8.674670457839965820e-01,7.235961914062500000e+02,1.016957153320312500e+03,6.798187494277954102e-01,9.210881347656250000e+02,1.061672241210937500e+03,7.050158977508544922e-01,7.273224487304687500e+02,1.020683410644531250e+03,6.467478275299072266e-01,9.136355590820312500e+02,1.061672241210937500e+03,6.964110732078552246e-01,7.571325683593750000e+02,1.002052124023437500e+03,7.291211485862731934e-01,8.800992431640625000e+02,1.057946044921875000e+03,6.848469376564025879e-01,7.471543726501311085e+02,6.673958190889468369e+02,1.648727788003603791e+02,3.875105328379902403e+02,1.000000000000000000e+00,0.000000000000000000e+00,1.000000000000000000e+00
2.227900000000000000e+04,1.020000000000000000e+02,3.107000000000000000e+03,2.400000000000000000e+02,8.775859985351562500e+02,7.131814575195312500e+02,8.558341860771179199e-01,8.775859985351562500e+02,7.058805541992187500e+02,8.491305708885192871e-01,8.739355468750000000e+02,7.058805541992187500e+02,8.378881216049194336e-01,8.410814208984375000e+02,7.095310058593750000e+02,5.210898518562316895e-01,8.556832885742187500e+02,7.095310058593750000e+02,7.731778025627136230e-01,8.264796142578125000e+02,7.460355834960937500e+02,8.018957376480102539e-01,8.483823852539062500e+02,7.460355834960937500e+02,7.792301774024963379e-01,8.374309692382812500e+02,8.007924804687500000e+02,7.545245885848999023e-01,8.666346435546875000e+02,7.752392578125000000e+02,6.880096197128295898e-01,8.921878662109375000e+02,7.934915771484375000e+02,8.972443938255310059e-01,8.994887695312500000e+02,7.861906738281250000e+02,9.015769362449645996e-01,8.410814208984375000e+02,8.738016357421875000e+02,7.747211456298828125e-01,8.593337402343750000e+02,8.738016357421875000e+02,8.241483569145202637e-01,8.775859985351562500e+02,9.650631103515625000e+02,6.914845108985900879e-01,8.848869628906250000e+02,9.614126586914062500e+02,7.550374269485473633e-01,8.885374145507812500e+02,1.045373168945312500e+03,6.609501242637634277e-01,8.885374145507812500e+02,1.049023681640625000e+03,8.675479292869567871e-01,8.666346435546875000e+02,6.839778442382812500e+02,7.733185887336730957e-01,8.483823852539062500e+02,7.277833251953125000e+02,8.950638771057128906e-01,8.483823852539062500e+02,8.701511840820312500e+02,8.704035282135009766e-01,9.213915405273437500e+02,1.056324584960937500e+03,6.252367496490478516e-01,9.213915405273437500e+02,1.056324584960937500e+03,7.695631980895996094e-01,9.177410888671875000e+02,1.052674072265625000e+03,5.350923538208007812e-01,9.213915405273437500e+02,1.059974975585937500e+03,8.483076691627502441e-01,8.812364501953125000e+02,1.056324584960937500e+03,6.104629039764404297e-01,8.812364501953125000e+02,1.059974975585937500e+03,8.375166654586791992e-01,7.645235489422598221e+02,6.673959707030703612e+02,1.598114411888790301e+02,3.783803707421448053e+02,1.000000000000000000e+00,0.000000000000000000e+00,1.000000000000000000e+00
2.228000000000000000e+04,1.020000000000000000e+02,3.106000000000000000e+03,2.410000000000000000e+02,8.904037475585937500e+02,7.128513183593750000e+02,9.087972640991210938e-01,8.904037475585937500e+02,7.052589111328125000e+02,8.772208690643310547e-01,8.866075439453125000e+02,7.052589111328125000e+02,8.354513049125671387e-01,8.486453247070312500e+02,7.052589111328125000e+02,6.387841701507568359e-01,8.676264038085937500e+02,7.052589111328125000e+02,8.755456805229187012e-01,8.334604492187500000e+02,7.470173339843750000e+02,9.048845767974853516e-01,8.600339965820312500e+02,7.470173339843750000e+02,7.919704914093017578e-01,8.562377319335937500e+02,8.077568969726562500e+02,9.511331915855407715e-01,8.866075439453125000e+02,7.773870849609375000e+02,7.172788977622985840e-01,9.093848876953125000e+02,8.077568969726562500e+02,8.390483260154724121e-01,9.093848876953125000e+02,7.849795532226562500e+02,6.487436294555664062e-01,8.562377319335937500e+02,8.722926635742187500e+02,7.344650626182556152e-01,8.676264038085937500e+02,8.722926635742187500e+02,8.004236817359924316e-01,8.904037475585937500e+02,9.596057128906250000e+02,7.973634600639343262e-01,8.904037475585937500e+02,9.596057128906250000e+02,8.200269937515258789e-01,8.904037475585937500e+02,1.046918823242187500e+03,9.116920828819274902e-01,8.904037475585937500e+02,1.050715087890625000e+03,8.919025063514709473e-01,8.714226684570312500e+02,6.824815673828125000e+02,8.404880166053771973e-01,8.562377319335937500e+02,7.242399902343750000e+02,9.233678579330444336e-01,8.600339965820312500e+02,8.684963989257812500e+02,8.685131072998046875e-01,9.283659667968750000e+02,1.062103759765625000e+03,9.574119448661804199e-01,9.283659667968750000e+02,1.062103759765625000e+03,8.257735967636108398e-01,9.245697631835937500e+02,1.058307495117187500e+03,9.121162891387939453e-01,9.245697631835937500e+02,1.065899902343750000e+03,8.635632991790771484e-01,8.828113403320312500e+02,1.065899902343750000e+03,8.551144599914550781e-01,8.828113403320312500e+02,1.065899902343750000e+03,9.160457849502563477e-01,7.846644530201873522e+02,6.658919876071377075e+02,1.604134802902589172e+02,3.849514953667571717e+02,1.000000000000000000e+00,0.000000000000000000e+00,1.000000000000000000e+00
2.228100000000000000e+04,1.020000000000000000e+02,3.106000000000000000e+03,2.420000000000000000e+02,9.023914184570312500e+02,7.109266357421875000e+02,9.143748879432678223e-01,9.023914184570312500e+02,7.032340087890625000e+02,8.074713945388793945e-01,8.985451049804687500e+02,7.032340087890625000e+02,8.719831109046936035e-01,8.523892822265625000e+02,7.032340087890625000e+02,6.637067198753356934e-01,8.793135375976562500e+02,7.070803222656250000e+02,8.668726682662963867e-01,8.408503417968750000e+02,7.455435180664062500e+02,9.056612253189086914e-01,8.793135375976562500e+02,7.493898315429687500e+02,8.561286330223083496e-01,8.562355957031250000e+02,8.032382812500000000e+02,8.715413808822631836e-01,9.139304199218750000e+02,7.993919677734375000e+02,7.434884905815124512e-01,9.062377929687500000e+02,7.955456542968750000e+02,8.273003101348876953e-01,9.177767333984375000e+02,7.840066528320312500e+02,5.639679431915283203e-01,8.562355957031250000e+02,8.647793579101562500e+02,8.646308183670043945e-01,8.831598510742187500e+02,8.686256713867187500e+02,8.601976633071899414e-01,8.831598510742187500e+02,9.570910034179687500e+02,8.377206921577453613e-01,8.908524780273437500e+02,9.570910034179687500e+02,8.681644797325134277e-01,8.908524780273437500e+02,1.041709960937500000e+03,9.151107072830200195e-01,8.908524780273437500e+02,1.045556396484375000e+03,8.516226410865783691e-01,8.793135375976562500e+02,6.763097534179687500e+02,8.976313471794128418e-01,8.677745971679687500e+02,7.263118896484375000e+02,9.743545055389404297e-01,8.677745971679687500e+02,8.647793579101562500e+02,9.340813159942626953e-01,9.293156738281250000e+02,1.060941650390625000e+03,8.191109299659729004e-01,9.293156738281250000e+02,1.060941650390625000e+03,7.721122503280639648e-01,9.254693603515625000e+02,1.057095336914062500e+03,8.534718751907348633e-01,9.254693603515625000e+02,1.064787963867187500e+03,8.172849416732788086e-01,8.831598510742187500e+02,1.057095336914062500e+03,7.731924653053283691e-01,8.870061645507812500e+02,1.060941650390625000e+03,8.565404415130615234e-01,8.004717212294829096e+02,6.636275026529139041e+02,1.586488949365743792e+02,3.907654055466879299e+02,1.000000000000000000e+00,0.000000000000000000e+00,1.000000000000000000e+00
2.228200000000000000e+04,1.020000000000000000e+02,3.106000000000000000e+03,2.430000000000000000e+02,9.143029785156250000e+02,7.094717407226562500e+02,9.444747567176818848e-01,9.143029785156250000e+02,6.972047119140625000e+02,8.249171972274780273e-01,9.102139282226562500e+02,6.972047119140625000e+02,8.881069421768188477e-01,8.693237304687500000e+02,6.972047119140625000e+02,6.847499012947082520e-01,8.938578491210937500e+02,7.012937011718750000e+02,8.692817091941833496e-01,8.529676513671875000e+02,7.421838989257812500e+02,9.712229371070861816e-01,8.856798095703125000e+02,7.462729492187500000e+02,8.419119715690612793e-01,8.734127807617187500e+02,7.994301757812500000e+02,9.115960001945495605e-01,9.183919677734375000e+02,7.830740966796875000e+02,5.426408648490905762e-01,9.183919677734375000e+02,7.912521362304687500e+02,9.557778835296630859e-01,9.143029785156250000e+02,7.299168701171875000e+02,8.557775020599365234e-01,8.652347412109375000e+02,8.648544921875000000e+02,8.972202539443969727e-01,8.856798095703125000e+02,8.689435424804687500e+02,8.764872550964355469e-01,8.815908203125000000e+02,9.589019775390625000e+02,8.376238942146301270e-01,8.938578491210937500e+02,9.589019775390625000e+02,8.748953342437744141e-01,8.897688598632812500e+02,1.044771362304687500e+03,9.283511042594909668e-01,8.897688598632812500e+02,1.044771362304687500e+03,9.159783720970153809e-01,8.938578491210937500e+02,6.726705932617187500e+02,9.249801039695739746e-01,8.775017700195312500e+02,7.217388305664062500e+02,1.000194430351257324e+00,8.734127807617187500e+02,8.648544921875000000e+02,9.734867811203002930e-01,9.265700073242187500e+02,1.057038452148437500e+03,7.383760213851928711e-01,9.265700073242187500e+02,1.061127441406250000e+03,6.967611908912658691e-01,9.183919677734375000e+02,1.052949462890625000e+03,7.236906886100769043e-01,9.265700073242187500e+02,1.069305541992187500e+03,7.926041483879089355e-01,8.815908203125000000e+02,1.057038452148437500e+03,7.596701979637145996e-01,8.856798095703125000e+02,1.061127441406250000e+03,9.165679216384887695e-01,8.111549333119774019e+02,6.570756106424023528e+02,1.616151723268972091e+02,4.093044848581075712e+02,1.000000000000000000e+00,0.000000000000000000e+00,1.000000000000000000e+00
2.228300000000000000e+04,1.020000000000000000e+02,3.106000000000000000e+03,2.440000000000000000e+02,9.246871948242187500e+02,7.043023681640625000e+02,9.248476028442382812e-01,9.207117919921875000e+02,6.963516235351562500e+02,8.153777122497558594e-01,9.207117919921875000e+02,6.963516235351562500e+02,8.836620450019836426e-01,8.809581298828125000e+02,6.963516235351562500e+02,6.942618489265441895e-01,9.048103637695312500e+02,6.963516235351562500e+02,8.944386243820190430e-01,8.769827880859375000e+02,7.361052856445312500e+02,9.123221635818481445e-01,8.809581298828125000e+02,7.400806884765625000e+02,8.613517284393310547e-01,8.928842163085937500e+02,7.957358398437500000e+02,8.430649042129516602e-01,9.207117919921875000e+02,7.679082641601562500e+02,8.357859253883361816e-01,9.326379394531250000e+02,7.877850952148437500e+02,9.637882709503173828e-01,9.246871948242187500e+02,7.241791992187500000e+02,9.530527591705322266e-01,8.849335327148437500e+02,8.672924194335937500e+02,8.396403193473815918e-01,8.889088745117187500e+02,8.672924194335937500e+02,9.281610250473022461e-01,8.928842163085937500e+02,9.587258911132812500e+02,9.141448140144348145e-01,8.928842163085937500e+02,9.587258911132812500e+02,9.095473885536193848e-01,8.928842163085937500e+02,1.046183959960937500e+03,9.416966438293457031e-01,8.889088745117187500e+02,1.046183959960937500e+03,9.303413033485412598e-01,9.008349609375000000e+02,6.685240478515625000e+02,9.256827235221862793e-01,8.889088745117187500e+02,7.162284545898437500e+02,9.471504688262939453e-01,8.889088745117187500e+02,8.633170776367187500e+02,9.842287898063659668e-01,9.286625366210937500e+02,1.062085449218750000e+03,7.618715763092041016e-01,9.326379394531250000e+02,1.062085449218750000e+03,8.422462940216064453e-01,9.246871948242187500e+02,1.054134643554687500e+03,7.628818750381469727e-01,9.286625366210937500e+02,1.070036132812500000e+03,8.537623882293701172e-01,8.809581298828125000e+02,1.062085449218750000e+03,7.397091984748840332e-01,8.809581298828125000e+02,1.066060791015625000e+03,8.843635916709899902e-01,8.217691829301710413e+02,6.548343949508272317e+02,1.580582498583479492e+02,4.087359927916696734e+02,1.000000000000000000e+00,0.000000000000000000e+00,1.000000000000000000e+00
2.228400000000000000e+04,1.020000000000000000e+02,3.127000000000000000e+03,2.450000000000000000e+02,9.323141479492187500e+02,7.024312744140625000e+02,8.953057527542114258e-01,9.323141479492187500e+02,6.944617919921875000e+02,7.488512396812438965e-01,9.323141479492187500e+02,6.944617919921875000e+02,8.351921439170837402e-01,8.884821777343750000e+02,6.944617919921875000e+02,7.556778192520141602e-01,9.163752441406250000e+02,6.984465332031250000e+02,8.799397945404052734e-01,8.805126953125000000e+02,7.343090820312500000e+02,9.177618622779846191e-01,8.964515991210937500e+02,7.382938232421875000e+02,8.709107041358947754e-01,8.964515991210937500e+02,7.900952758789062500e+02,7.879056930541992188e-01,9.323141479492187500e+02,7.661869506835937500e+02,8.192237615585327148e-01,9.442683715820312500e+02,7.821258544921875000e+02,8.941320180892944336e-01,9.362988891601562500e+02,7.223549194335937500e+02,9.049459695816040039e-01,8.924669189453125000e+02,8.578356933593750000e+02,8.345691561698913574e-01,9.004363403320312500e+02,8.578356933593750000e+02,8.492537736892700195e-01,8.924669189453125000e+02,9.494844360351562500e+02,9.316489100456237793e-01,8.964515991210937500e+02,9.494844360351562500e+02,8.835920691490173340e-01,8.884821777343750000e+02,1.041133178710937500e+03,8.610171079635620117e-01,8.884821777343750000e+02,1.041133178710937500e+03,8.568776249885559082e-01,9.163752441406250000e+02,6.705534667968750000e+02,8.617174625396728516e-01,9.004363403320312500e+02,7.143854370117187500e+02,9.298759102821350098e-01,8.964515991210937500e+02,8.578356933593750000e+02,9.705856442451477051e-01,9.283294677734375000e+02,1.053087402343750000e+03,6.841193437576293945e-01,9.362988891601562500e+02,1.061056884765625000e+03,8.208239078521728516e-01,9.283294677734375000e+02,1.045117919921875000e+03,7.070292234420776367e-01,9.283294677734375000e+02,1.065041625976562500e+03,8.607163429260253906e-01,8.765279541015625000e+02,1.057072143554687500e+03,6.932112574577331543e-01,8.805126953125000000e+02,1.061056884765625000e+03,8.439493775367736816e-01,8.286336499854966178e+02,6.526675046522919956e+02,1.547647709714701705e+02,4.090216798002633141e+02,0.000000000000000000e+00,0.000000000000000000e+00,1.000000000000000000e+00
2.228500000000000000e+04,1.020000000000000000e+02,3.127000000000000000e+03,2.460000000000000000e+02,9.467023315429687500e+02,7.062391357421875000e+02,8.847377300262451172e-01,9.467023315429687500e+02,6.981461181640625000e+02,7.608250379562377930e-01,9.467023315429687500e+02,6.981461181640625000e+02,8.366446495056152344e-01,9.021907348632812500e+02,6.940996093750000000e+02,7.292103171348571777e-01,9.305162963867187500e+02,6.981461181640625000e+02,8.552755117416381836e-01,8.900512084960937500e+02,7.345646972656250000e+02,9.680205583572387695e-01,9.143302612304687500e+02,7.386112060546875000e+02,8.668770194053649902e-01,9.062372436523437500e+02,7.912158203125000000e+02,9.408683776855468750e-01,9.467023315429687500e+02,7.628902587890625000e+02,8.251383900642395020e-01,9.588418579101562500e+02,7.831228027343750000e+02,8.907968401908874512e-01,9.507488403320312500e+02,7.224251708984375000e+02,9.454472661018371582e-01,8.981442260742187500e+02,8.600064697265625000e+02,8.285543918609619141e-01,9.143302612304687500e+02,8.600064697265625000e+02,8.360936641693115234e-01,8.940977172851562500e+02,9.530761718750000000e+02,8.422815203666687012e-01,9.183767700195312500e+02,9.490296630859375000e+02,6.379575133323669434e-01,8.900512084960937500e+02,1.042099365234375000e+03,8.794530630111694336e-01,9.062372436523437500e+02,1.038052856445312500e+03,5.006934404373168945e-01,9.305162963867187500e+02,6.698205566406250000e+02,8.535029888153076172e-01,9.102837524414062500e+02,7.143321533203125000e+02,9.293224811553955078e-01,9.062372436523437500e+02,8.559599609375000000e+02,9.528585672378540039e-01,9.264697875976562500e+02,1.050192382812500000e+03,6.554132699966430664e-01,9.588418579101562500e+02,1.038052856445312500e+03,6.692207455635070801e-01,9.224232788085937500e+02,1.046145874023437500e+03,7.061035633087158203e-01,9.547953491210937500e+02,1.042099365234375000e+03,6.412174701690673828e-01,8.819581909179687500e+02,1.058285400390625000e+03,7.969387173652648926e-01,8.940977172851562500e+02,1.062331909179687500e+03,4.219203293323516846e-01,8.401126155961794666e+02,6.485353777529818444e+02,1.531724472019122913e+02,4.132043721346075245e+02,0.000000000000000000e+00,0.000000000000000000e+00,1.000000000000000000e+00
2.228600000000000000e+04,1.020000000000000000e+02,3.127000000000000000e+03,2.470000000000000000e+02,9.601296997070312500e+02,7.067058105468750000e+02,9.121802449226379395e-01,9.601296997070312500e+02,6.989675903320312500e+02,7.486745715141296387e-01,9.562606201171875000e+02,6.989675903320312500e+02,8.473520874977111816e-01,9.137003784179687500e+02,6.989675903320312500e+02,7.873604893684387207e-01,9.446532592773437500e+02,6.989675903320312500e+02,8.875104784965515137e-01,8.982239379882812500e+02,7.376586914062500000e+02,9.447250366210937500e-01,9.330459594726562500e+02,7.453969116210937500e+02,7.842007875442504883e-01,9.214385986328125000e+02,7.918262329101562500e+02,9.165741205215454102e-01,9.601296997070312500e+02,7.686115722656250000e+02,5.547321438789367676e-01,9.678679199218750000e+02,7.879570922851562500e+02,9.317325353622436523e-01,9.639988403320312500e+02,7.221822509765625000e+02,9.205614328384399414e-01,9.020930786132812500e+02,8.576010742187500000e+02,8.247817158699035645e-01,9.330459594726562500e+02,8.614701538085937500e+02,8.824160695075988770e-01,8.982239379882812500e+02,9.504596557617187500e+02,9.254600405693054199e-01,9.562606201171875000e+02,9.349832153320312500e+02,8.419548273086547852e-01,8.904857177734375000e+02,1.031710937500000000e+03,8.260956406593322754e-01,9.717370605468750000e+02,1.023972717285156250e+03,8.158147931098937988e-01,9.407841796875000000e+02,6.718838500976562500e+02,8.832351565361022949e-01,9.253077392578125000e+02,7.183131103515625000e+02,9.342676997184753418e-01,9.175695190429687500e+02,8.576010742187500000e+02,9.539784789085388184e-01,9.175695190429687500e+02,1.031710937500000000e+03,6.817644834518432617e-01,9.949516601562500000e+02,1.027841796875000000e+03,7.510794401168823242e-01,9.098312988281250000e+02,1.027841796875000000e+03,6.000491380691528320e-01,9.988208007812500000e+02,1.035580078125000000e+03,7.583753466606140137e-01,8.866166381835937500e+02,1.047187377929687500e+03,6.439618468284606934e-01,9.678679199218750000e+02,1.039449218750000000e+03,7.382797002792358398e-01,8.558760171449501968e+02,6.540752996095011440e+02,1.483035030207250884e+02,4.028287831685322544e+02,0.000000000000000000e+00,0.000000000000000000e+00,1.000000000000000000e+00
2.228700000000000000e+04,1.020000000000000000e+02,3.130000000000000000e+03,2.540000000000000000e+02,1.038852416992187500e+03,7.189660034179687500e+02,8.758893013000488281e-01,1.038852416992187500e+03,7.075057373046875000e+02,6.047199964523315430e-01,1.035032348632812500e+03,7.113258056640625000e+02,8.390161395072937012e-01,9.891912231445312500e+02,7.113258056640625000e+02,8.266336917877197266e-01,1.023572021484375000e+03,7.151459350585937500e+02,8.337205052375793457e-01,9.815510253906250000e+02,7.495267333984375000e+02,8.604096770286560059e-01,1.004471557617187500e+03,7.533468627929687500e+02,8.480558395385742188e-01,1.019751953125000000e+03,8.106481933593750000e+02,5.309144854545593262e-01,1.054132812500000000e+03,7.686271972656250000e+02,9.340454936027526855e-01,1.046492553710937500e+03,7.457066650390625000e+02,2.134660482406616211e-01,1.046492553710937500e+03,7.380664672851562500e+02,9.523944854736328125e-01,1.004471557617187500e+03,9.099705810546875000e+02,6.177750229835510254e-01,1.015931884765625000e+03,9.137906494140625000e+02,6.270406246185302734e-01,1.012111755371093750e+03,1.013113037109375000e+03,2.839981317520141602e-01,1.042672485351562500e+03,9.940125732421875000e+02,5.601930022239685059e-01,9.471702270507812500e+02,9.901925048828125000e+02,2.385945469141006470e-01,1.050312622070312500e+03,1.039853637695312500e+03,3.742303550243377686e-01,1.015931884765625000e+03,6.845852050781250000e+02,9.698013663291931152e-01,1.004471557617187500e+03,7.342463989257812500e+02,9.570732712745666504e-01,1.004471557617187500e+03,9.099705810546875000e+02,7.349565625190734863e-01,9.280697631835937500e+02,9.978327026367187500e+02,3.043723702430725098e-01,9.318898315429687500e+02,1.001652770996093750e+03,2.000118643045425415e-01,9.280697631835937500e+02,9.978327026367187500e+02,3.344167172908782959e-01,9.395300292968750000e+02,9.978327026367187500e+02,1.928214728832244873e-01,9.433500976562500000e+02,9.940125732421875000e+02,2.369595170021057129e-01,9.471702270507812500e+02,9.940125732421875000e+02,2.334774285554885864e-01,9.046585362766336402e+02,6.764724969099206646e+02,1.579239189438662834e+02,3.818988945035589495e+02,0.000000000000000000e+00,0.000000000000000000e+00,1.000000000000000000e+00
2.228800000000000000e+04,1.020000000000000000e+02,3.130000000000000000e+03,2.550000000000000000e+02,1.048637817382812500e+03,7.192626953125000000e+02,8.438896536827087402e-01,1.048637817382812500e+03,7.079180297851562500e+02,6.016361117362976074e-01,1.041074707031250000e+03,7.079180297851562500e+02,7.518148422241210938e-01,9.994776611328125000e+02,7.116995849609375000e+02,8.504439592361450195e-01,1.025948608398437500e+03,7.154811401367187500e+02,7.860441207885742188e-01,9.881330566406250000e+02,7.457335815429687500e+02,9.389138817787170410e-01,1.014603881835937500e+03,7.495151367187500000e+02,8.023038506507873535e-01,1.025948608398437500e+03,7.835490722656250000e+02,7.391721010208129883e-01,1.067545654296875000e+03,7.722044067382812500e+02,9.200810790061950684e-01,1.048637817382812500e+03,7.457335815429687500e+02,7.054353952407836914e-01,1.059982543945312500e+03,7.381704711914062500e+02,9.130165576934814453e-01,9.994776611328125000e+02,8.667432250976562500e+02,8.204209208488464355e-01,1.018385437011718750e+03,8.705247802734375000e+02,8.112173080444335938e-01,9.843515014648437500e+02,9.234665527343750000e+02,7.470301389694213867e-01,1.048637817382812500e+03,9.612820434570312500e+02,5.471293330192565918e-01,9.654437255859375000e+02,9.877529296875000000e+02,8.034281730651855469e-01,1.044856323242187500e+03,9.990975952148437500e+02,5.704436898231506348e-01,1.022166992187500000e+03,6.852286987304687500e+02,9.375865459442138672e-01,1.014603881835937500e+03,7.306073608398437500e+02,9.845399260520935059e-01,1.007040771484375000e+03,8.629616699218750000e+02,8.850302100181579590e-01,9.465359497070312500e+02,9.839713745117187500e+02,7.273315191268920898e-01,1.037293212890625000e+03,9.990975952148437500e+02,5.893490314483642578e-01,9.465359497070312500e+02,9.915344848632812500e+02,7.568426728248596191e-01,1.044856323242187500e+03,9.990975952148437500e+02,4.081963300704956055e-01,9.616621704101562500e+02,9.990975952148437500e+02,7.860914468765258789e-01,1.041074707031250000e+03,1.010442260742187500e+03,5.600415468215942383e-01,9.091144611238438529e+02,6.709806179570421136e+02,1.633852891741506710e+02,3.853869380373359945e+02,0.000000000000000000e+00,0.000000000000000000e+00,1.000000000000000000e+00
2.228900000000000000e+04,1.020000000000000000e+02,3.107000000000000000e+03,2.560000000000000000e+02,1.061655151367187500e+03,7.163919067382812500e+02,9.735763669013977051e-01,1.061655151367187500e+03,7.086564331054687500e+02,7.873740196228027344e-01,1.057787353515625000e+03,7.086564331054687500e+02,9.424419403076171875e-01,1.011374389648437500e+03,7.086564331054687500e+02,7.685993313789367676e-01,1.042316406250000000e+03,7.125241699218750000e+02,7.984626889228820801e-01,9.997711181640625000e+02,7.434661865234375000e+02,9.063941240310668945e-01,1.030713134765625000e+03,7.473339233398437500e+02,7.799091935157775879e-01,1.019109863281250000e+03,7.860114135742187500e+02,5.486758947372436523e-01,1.077126098632812500e+03,7.744081420898437500e+02,9.669307470321655273e-01,1.053919677734375000e+03,7.395983886718750000e+02,8.330085873603820801e-01,1.069390625000000000e+03,7.395983886718750000e+02,8.978721499443054199e-01,1.007506652832031250e+03,8.633663940429687500e+02,7.974476814270019531e-01,1.038448608398437500e+03,8.672341308593750000e+02,7.568889856338500977e-01,9.997711181640625000e+02,9.252503662109375000e+02,5.113440155982971191e-01,1.061655151367187500e+03,9.677956542968750000e+02,4.626446366310119629e-01,9.881679077148437500e+02,9.910021362304687500e+02,6.704868674278259277e-01,1.050051879882812500e+03,1.002605407714843750e+03,4.709465205669403076e-01,1.038448608398437500e+03,6.854498901367187500e+02,9.161507487297058105e-01,1.026845336914062500e+03,7.279951782226562500e+02,9.122846126556396484e-01,1.022977600097656250e+03,8.633663940429687500e+02,8.765095472335815430e-01,9.726968994140625000e+02,9.910021362304687500e+02,6.045130491256713867e-01,1.046184082031250000e+03,9.987376098632812500e+02,4.219678640365600586e-01,9.688291015625000000e+02,9.948698730468750000e+02,7.162809371948242188e-01,1.057787353515625000e+03,1.006473144531250000e+03,4.107761681079864502e-01,9.804323730468750000e+02,9.987376098632812500e+02,5.785694122314453125e-01,1.042316406250000000e+03,1.010340881347656250e+03,5.100492835044860840e-01,9.339772281510549874e+02,6.610555321744429875e+02,1.643201122682373807e+02,3.925384856735181529e+02,0.000000000000000000e+00,0.000000000000000000e+00,1.000000000000000000e+00
2.229000000000000000e+04,1.020000000000000000e+02,3.105000000000000000e+03,2.570000000000000000e+02,1.070468261718750000e+03,7.109394531250000000e+02,9.880909323692321777e-01,1.070468261718750000e+03,7.035513916015625000e+02,7.070900797843933105e-01,1.066774169921875000e+03,7.035513916015625000e+02,9.068593978881835938e-01,1.022446044921875000e+03,7.072454223632812500e+02,8.222439885139465332e-01,1.051998168945312500e+03,7.072454223632812500e+02,7.902927994728088379e-01,1.011364013671875000e+03,7.404915161132812500e+02,9.238876700401306152e-01,1.048304077148437500e+03,7.478795776367187500e+02,7.218376994132995605e-01,1.048304077148437500e+03,7.663496093750000000e+02,5.314126610755920410e-01,1.088938232421875000e+03,7.737376708984375000e+02,9.441295266151428223e-01,1.074162231445312500e+03,7.441855468750000000e+02,8.329628109931945801e-01,1.085244262695312500e+03,7.404915161132812500e+02,9.274227619171142578e-01,1.018752014160156250e+03,8.660879516601562500e+02,7.529432177543640137e-01,1.051998168945312500e+03,8.734760131835937500e+02,7.312768101692199707e-01,1.026140014648437500e+03,9.547442626953125000e+02,4.318054020404815674e-01,1.063080200195312500e+03,9.658263549804687500e+02,4.881309866905212402e-01,1.026140014648437500e+03,1.017542541503906250e+03,5.587946176528930664e-01,1.059386108398437500e+03,1.021236511230468750e+03,4.780669808387756348e-01,1.044610107421875000e+03,6.813873291015625000e+02,8.554087281227111816e-01,1.037222045898437500e+03,7.257155151367187500e+02,9.125804901123046875e-01,1.033528076171875000e+03,8.660879516601562500e+02,8.680754899978637695e-01,1.029834106445312500e+03,1.010154479980468750e+03,4.978332519531250000e-01,1.077856201171875000e+03,1.013848510742187500e+03,5.056495070457458496e-01,1.029834106445312500e+03,1.010154479980468750e+03,4.312818348407745361e-01,1.081550292968750000e+03,1.021236511230468750e+03,6.291844844818115234e-01,1.022446044921875000e+03,1.028624511718750000e+03,4.604071974754333496e-01,1.063080200195312500e+03,1.058176635742187500e+03,4.859629869461059570e-01,9.555577817901166782e+02,6.627531121156575864e+02,1.583139344655746754e+02,3.835889033120520253e+02,0.000000000000000000e+00,0.000000000000000000e+00,1.000000000000000000e+00
2.229100000000000000e+04,1.020000000000000000e+02,3.111000000000000000e+03,2.580000000000000000e+02,1.082417602539062500e+03,7.135551147460937500e+02,9.670605659484863281e-01,1.082417602539062500e+03,7.020391845703125000e+02,7.496000528335571289e-01,1.078578979492187500e+03,7.058778076171875000e+02,8.586798906326293945e-01,1.036353759765625000e+03,7.058778076171875000e+02,7.977511286735534668e-01,1.063224365234375000e+03,7.058778076171875000e+02,7.970206141471862793e-01,1.024837768554687500e+03,7.404257202148437500e+02,9.188553094863891602e-01,1.047869750976562500e+03,7.442643432617187500e+02,8.318437933921813965e-01,1.070901611328125000e+03,7.788122558593750000e+02,4.229906499385833740e-01,1.101610839843750000e+03,7.711349487304687500e+02,9.562733769416809082e-01,1.086256225585937500e+03,7.404257202148437500e+02,7.132279276847839355e-01,1.086256225585937500e+03,7.327484130859375000e+02,9.362067580223083496e-01,1.036353759765625000e+03,8.978104858398437500e+02,7.624113559722900391e-01,1.055546997070312500e+03,9.054877929687500000e+02,8.146258592605590820e-01,1.032515136718750000e+03,9.976154785156250000e+02,8.118807673454284668e-01,1.063224365234375000e+03,9.976154785156250000e+02,8.726957440376281738e-01,1.028676513671875000e+03,1.043679321289062500e+03,5.486618280410766602e-01,1.067062988281250000e+03,1.055195312500000000e+03,7.016097903251647949e-01,1.055546997070312500e+03,6.790072631835937500e+02,9.005553126335144043e-01,1.047869750976562500e+03,7.250711059570312500e+02,8.979654908180236816e-01,1.044031127929687500e+03,8.939718627929687500e+02,8.661573529243469238e-01,1.047869750976562500e+03,1.036002075195312500e+03,4.099577963352203369e-01,1.090094970703125000e+03,1.051356689453125000e+03,5.098676085472106934e-01,1.036353759765625000e+03,1.024486083984375000e+03,3.039878010749816895e-01,1.090094970703125000e+03,1.055195312500000000e+03,5.497792363166809082e-01,1.024837768554687500e+03,1.059033935546875000e+03,3.550751507282257080e-01,1.063224365234375000e+03,1.062872558593750000e+03,5.163474678993225098e-01,9.696401037321841159e+02,6.614124346073051584e+02,1.576943428912645686e+02,3.899113814606641881e+02,0.000000000000000000e+00,0.000000000000000000e+00,1.000000000000000000e+00
2.229200000000000000e+04,1.020000000000000000e+02,3.111000000000000000e+03,2.590000000000000000e+02,1.095839599609375000e+03,7.039161376953125000e+02,8.995273709297180176e-01,1.091965332031250000e+03,6.961676635742187500e+02,7.980193495750427246e-01,1.088091064453125000e+03,6.961676635742187500e+02,8.340545892715454102e-01,1.049348754882812500e+03,7.000418701171875000e+02,7.356778979301452637e-01,1.076468383789062500e+03,7.039161376953125000e+02,8.346655964851379395e-01,1.037726074218750000e+03,7.387841796875000000e+02,9.007406234741210938e-01,1.057097290039062500e+03,7.426584472656250000e+02,8.552138805389404297e-01,1.064845703125000000e+03,7.930234375000000000e+02,4.159434735774993896e-01,1.107462280273437500e+03,7.697780761718750000e+02,8.906018733978271484e-01,1.099713745117187500e+03,7.426584472656250000e+02,6.502869725227355957e-01,1.103588012695312500e+03,7.310357666015625000e+02,9.086896777153015137e-01,1.049348754882812500e+03,8.782565307617187500e+02,6.785365343093872070e-01,1.060971435546875000e+03,8.821307373046875000e+02,7.194716334342956543e-01,1.049348754882812500e+03,9.828607177734375000e+02,6.978628635406494141e-01,1.064845703125000000e+03,9.828607177734375000e+02,6.966887116432189941e-01,1.041600341796875000e+03,1.044848388671875000e+03,5.244531035423278809e-01,1.064845703125000000e+03,1.052596923828125000e+03,6.391377449035644531e-01,1.064845703125000000e+03,6.729223022460937500e+02,9.186991453170776367e-01,1.057097290039062500e+03,7.194130249023437500e+02,9.252206087112426758e-01,1.053223022460937500e+03,8.782565307617187500e+02,7.759544253349304199e-01,1.088091064453125000e+03,1.052596923828125000e+03,5.998613834381103516e-01,1.088091064453125000e+03,1.052596923828125000e+03,7.616179585456848145e-01,1.084216918945312500e+03,1.048722656250000000e+03,5.066483020782470703e-01,1.091965332031250000e+03,1.056471069335937500e+03,7.521536946296691895e-01,1.026103393554687500e+03,1.060345336914062500e+03,4.579073488712310791e-01,1.064845703125000000e+03,1.064219604492187500e+03,4.801330268383026123e-01,9.866414851446390912e+02,6.593678610422866768e+02,1.555995346804347719e+02,3.946372997822763864e+02,0.000000000000000000e+00,0.000000000000000000e+00,1.000000000000000000e+00
2.229300000000000000e+04,1.020000000000000000e+02,3.111000000000000000e+03,2.600000000000000000e+02,1.103794677734375000e+03,7.092712402343750000e+02,9.134472012519836426e-01,1.103794677734375000e+03,6.979420776367187500e+02,6.898689270019531250e-01,1.100018188476562500e+03,6.979420776367187500e+02,8.403413891792297363e-01,1.058477905273437500e+03,7.017184448242187500e+02,7.980583310127258301e-01,1.084912719726562500e+03,7.054948730468750000e+02,8.042853474617004395e-01,1.047148681640625000e+03,7.357059936523437500e+02,9.269493818283081055e-01,1.077359863281250000e+03,7.470351562500000000e+02,7.887728214263916016e-01,1.069807128906250000e+03,7.885755004882812500e+02,5.149525403976440430e-01,1.122676635742187500e+03,7.696935424804687500e+02,8.908740878105163574e-01,1.100018188476562500e+03,7.319295654296875000e+02,6.931557655334472656e-01,1.111347412109375000e+03,7.319295654296875000e+02,9.283775091171264648e-01,1.047148681640625000e+03,8.716561279296875000e+02,7.579014301300048828e-01,1.081136230468750000e+03,8.754324951171875000e+02,7.764645218849182129e-01,1.050925170898437500e+03,9.660659179687500000e+02,7.876035571098327637e-01,1.084912719726562500e+03,9.622895507812500000e+02,6.226212978363037109e-01,1.047148681640625000e+03,1.037817382812500000e+03,8.649221658706665039e-01,1.073583496093750000e+03,1.037817382812500000e+03,7.982209324836730957e-01,1.077359863281250000e+03,6.752836914062500000e+02,9.196364879608154297e-01,1.069807128906250000e+03,7.243768310546875000e+02,9.066527485847473145e-01,1.062254272460937500e+03,8.716561279296875000e+02,8.825712800025939941e-01,1.073583496093750000e+03,1.045370239257812500e+03,4.744925200939178467e-01,1.096241821289062500e+03,1.045370239257812500e+03,7.528558969497680664e-01,1.069807128906250000e+03,1.045370239257812500e+03,4.413135349750518799e-01,1.096241821289062500e+03,1.049146606445312500e+03,8.291037678718566895e-01,1.039595947265625000e+03,1.049146606445312500e+03,7.348187565803527832e-01,1.066030639648437500e+03,1.052922973632812500e+03,7.056872248649597168e-01,1.000239435311633429e+03,6.603963091239372716e+02,1.511043422124172366e+02,3.898376919160580201e+02,0.000000000000000000e+00,4.000000000000000000e+00,1.000000000000000000e+00
2.229400000000000000e+04,1.020000000000000000e+02,3.111000000000000000e+03,2.610000000000000000e+02,1.113722534179687500e+03,7.095286254882812500e+02,8.903385996818542480e-01,1.113722534179687500e+03,6.978625488281250000e+02,6.464244723320007324e-01,1.109833862304687500e+03,6.978625488281250000e+02,8.299700021743774414e-01,1.067058227539062500e+03,7.017512207031250000e+02,7.846372127532958984e-01,1.094279052734375000e+03,7.017512207031250000e+02,8.117199540138244629e-01,1.055392211914062500e+03,7.406381225585937500e+02,9.050903916358947754e-01,1.082613037109375000e+03,7.445267944335937500e+02,8.601682782173156738e-01,1.078724365234375000e+03,7.950797119140625000e+02,5.942168235778808594e-01,1.133166015625000000e+03,7.717476196289062500e+02,9.702539443969726562e-01,1.121499877929687500e+03,7.406381225585937500e+02,5.207707881927490234e-01,1.121499877929687500e+03,7.328607177734375000e+02,9.262999296188354492e-01,1.063169555664062500e+03,8.728534545898437500e+02,8.026106953620910645e-01,1.090390380859375000e+03,8.728534545898437500e+02,7.971433997154235840e-01,1.063169555664062500e+03,9.700706176757812500e+02,8.276079297065734863e-01,1.109833862304687500e+03,9.584046020507812500e+02,8.066015839576721191e-01,1.059280883789062500e+03,1.051733032226562500e+03,8.484529852867126465e-01,1.102056518554687500e+03,1.047844360351562500e+03,8.417960405349731445e-01,1.086501708984375000e+03,6.706417236328125000e+02,9.100130796432495117e-01,1.078724365234375000e+03,7.211946411132812500e+02,9.347622394561767578e-01,1.074835693359375000e+03,8.689647827148437500e+02,9.036031961441040039e-01,1.086501708984375000e+03,1.055621704101562500e+03,6.626532077789306641e-01,1.129277221679687500e+03,1.047844360351562500e+03,8.605020642280578613e-01,1.074835693359375000e+03,1.055621704101562500e+03,6.115533709526062012e-01,1.133166015625000000e+03,1.051733032226562500e+03,8.792706131935119629e-01,1.055392211914062500e+03,1.067287841796875000e+03,7.119646072387695312e-01,1.094279052734375000e+03,1.059510498046875000e+03,7.641881704330444336e-01,1.009779117682503738e+03,6.574773755638698276e+02,1.516756858133103378e+02,3.955513687041316189e+02,0.000000000000000000e+00,4.000000000000000000e+00,1.000000000000000000e+00
2.229500000000000000e+04,1.020000000000000000e+02,3.105000000000000000e+03,2.620000000000000000e+02,1.124932739257812500e+03,7.119818725585937500e+02,8.709246516227722168e-01,1.124932739257812500e+03,7.000955200195312500e+02,6.791419982910156250e-01,1.120970581054687500e+03,7.040576171875000000e+02,8.512384295463562012e-01,1.077387329101562500e+03,7.040576171875000000e+02,7.005316615104675293e-01,1.109084228515625000e+03,7.080197143554687500e+02,8.084210753440856934e-01,1.061538818359375000e+03,7.397166748046875000e+02,9.463931322097778320e-01,1.109084228515625000e+03,7.555651245117187500e+02,7.768253087997436523e-01,1.089273681640625000e+03,7.832999267578125000e+02,4.102358520030975342e-01,1.140781127929687500e+03,7.714135742187500000e+02,9.069517850875854492e-01,1.117008422851562500e+03,7.278303222656250000e+02,7.008573412895202637e-01,1.132856933593750000e+03,7.317924194335937500e+02,9.676871895790100098e-01,1.065500976562500000e+03,8.704664306640625000e+02,8.083282113075256348e-01,1.105122070312500000e+03,8.744285888671875000e+02,8.411832451820373535e-01,1.061538818359375000e+03,9.655571899414062500e+02,8.826680779457092285e-01,1.128894775390625000e+03,9.536708374023437500e+02,8.681747317314147949e-01,1.057576782226562500e+03,1.040837402343750000e+03,7.950360774993896484e-01,1.132856933593750000e+03,1.036875244140625000e+03,8.258165717124938965e-01,1.101160034179687500e+03,6.763228149414062500e+02,8.510514497756958008e-01,1.089273681640625000e+03,7.238681640625000000e+02,9.234547615051269531e-01,1.085311523437500000e+03,8.704664306640625000e+02,9.181088805198669434e-01,1.085311523437500000e+03,1.056685791015625000e+03,7.929624915122985840e-01,1.164553833007812500e+03,1.044799560546875000e+03,8.249591588973999023e-01,1.077387329101562500e+03,1.052723754882812500e+03,7.065412402153015137e-01,1.164553833007812500e+03,1.048761596679687500e+03,8.450557589530944824e-01,1.049652465820312500e+03,1.056685791015625000e+03,6.146348714828491211e-01,1.128894775390625000e+03,1.056685791015625000e+03,8.491131067276000977e-01,1.021891492090529255e+03,6.573537056457980725e+02,1.532751425699382253e+02,4.026001281116894006e+02,0.000000000000000000e+00,4.000000000000000000e+00,1.000000000000000000e+00
2.229600000000000000e+04,1.020000000000000000e+02,3.105000000000000000e+03,2.630000000000000000e+02,1.135122314453125000e+03,7.159334106445312500e+02,8.672465682029724121e-01,1.135122314453125000e+03,7.040549926757812500e+02,5.938831567764282227e-01,1.131162841796875000e+03,7.040549926757812500e+02,8.270213007926940918e-01,1.087608642578125000e+03,7.040549926757812500e+02,7.761934995651245117e-01,1.119284423828125000e+03,7.080144653320312500e+02,8.644325137138366699e-01,1.071770751953125000e+03,7.396902465820312500e+02,9.178772568702697754e-01,1.115324951171875000e+03,7.555281982421875000e+02,8.061609864234924316e-01,1.095527587890625000e+03,7.832445068359375000e+02,5.032587647438049316e-01,1.154919799804687500e+03,7.753255615234375000e+02,9.744973182678222656e-01,1.127203369140625000e+03,7.357307739257812500e+02,7.836241722106933594e-01,1.143041259765625000e+03,7.357307739257812500e+02,9.391131401062011719e-01,1.071770751953125000e+03,8.663935546875000000e+02,8.311535120010375977e-01,1.115324951171875000e+03,8.703530273437500000e+02,8.211264610290527344e-01,1.067811279296875000e+03,9.495426025390625000e+02,8.428863286972045898e-01,1.143041259765625000e+03,9.455831298828125000e+02,8.529592752456665039e-01,1.059892333984375000e+03,1.024772705078125000e+03,6.824485659599304199e-01,1.158879272460937500e+03,1.028732177734375000e+03,8.015503287315368652e-01,1.111365478515625000e+03,6.763386230468750000e+02,8.915521502494812012e-01,1.099487060546875000e+03,7.238523559570312500e+02,9.191111326217651367e-01,1.095527587890625000e+03,8.624340820312500000e+02,8.676031231880187988e-01,1.087608642578125000e+03,1.036651123046875000e+03,6.153336763381958008e-01,1.190555053710937500e+03,1.032691650390625000e+03,8.243008852005004883e-01,1.067811279296875000e+03,1.028732177734375000e+03,5.608447790145874023e-01,1.194514526367187500e+03,1.040610595703125000e+03,8.562992215156555176e-01,1.051973266601562500e+03,1.032691650390625000e+03,5.582534670829772949e-01,1.154919799804687500e+03,1.044570068359375000e+03,8.076454401016235352e-01,1.029707664429136685e+03,6.573515922743074498e+02,1.548345809183456367e+02,4.050631540006047544e+02,0.000000000000000000e+00,4.000000000000000000e+00,1.000000000000000000e+00
2.229700000000000000e+04,1.020000000000000000e+02,3.111000000000000000e+03,2.640000000000000000e+02,1.148325805664062500e+03,7.171218872070312500e+02,8.343667387962341309e-01,1.148325805664062500e+03,7.090424194335937500e+02,6.093967556953430176e-01,1.144286010742187500e+03,7.090424194335937500e+02,8.315639495849609375e-01,1.091769653320312500e+03,7.090424194335937500e+02,7.562179565429687500e-01,1.132166870117187500e+03,7.130821533203125000e+02,8.822491765022277832e-01,1.083690185546875000e+03,7.453999023437500000e+02,9.530977010726928711e-01,1.140246337890625000e+03,7.615588378906250000e+02,8.250548243522644043e-01,1.111968261718750000e+03,7.817574462890625000e+02,5.887761712074279785e-01,1.168524414062500000e+03,7.777177124023437500e+02,9.453495740890502930e-01,1.136206542968750000e+03,7.373204956054687500e+02,7.689356803894042969e-01,1.156405151367187500e+03,7.332807617187500000e+02,9.360120892524719238e-01,1.075610839843750000e+03,8.706312866210937500e+02,8.717188835144042969e-01,1.128127197265625000e+03,8.746710205078125000e+02,8.646730184555053711e-01,1.071571044921875000e+03,9.554654541015625000e+02,8.653026223182678223e-01,1.152365478515625000e+03,9.514257202148437500e+02,8.815241456031799316e-01,1.059451904296875000e+03,1.032220092773437500e+03,6.509502530097961426e-01,1.180643554687500000e+03,1.028180419921875000e+03,8.007456064224243164e-01,1.120047729492187500e+03,6.807644042968750000e+02,9.100199937820434570e-01,1.111968261718750000e+03,7.332807617187500000e+02,9.691796302795410156e-01,1.099849121093750000e+03,8.665915527343750000e+02,8.873414397239685059e-01,1.091769653320312500e+03,1.044339355468750000e+03,7.378047704696655273e-01,1.204881835937500000e+03,1.020100952148437500e+03,7.848737239837646484e-01,1.083690185546875000e+03,1.036259887695312500e+03,6.579934358596801758e-01,1.212961303710937500e+03,1.028180419921875000e+03,7.510185241699218750e-01,1.051372436523437500e+03,1.044339355468750000e+03,4.872217178344726562e-01,1.180643554687500000e+03,1.048379028320312500e+03,8.668750524520874023e-01,1.043737097186150777e+03,6.547358623010998144e+02,1.595645783112836398e+02,4.113270216904106746e+02,0.000000000000000000e+00,4.000000000000000000e+00,1.000000000000000000e+00
2.229800000000000000e+04,1.020000000000000000e+02,3.105000000000000000e+03,2.650000000000000000e+02,1.157113037109375000e+03,7.191373901367187500e+02,8.562195897102355957e-01,1.157113037109375000e+03,7.070878295898437500e+02,6.202746033668518066e-01,1.153096557617187500e+03,7.111043701171875000e+02,7.936644554138183594e-01,1.104898193359375000e+03,7.111043701171875000e+02,7.804858684539794922e-01,1.145063476562500000e+03,7.191373901367187500e+02,7.781624794006347656e-01,1.096865234375000000e+03,7.472530517578125000e+02,9.024491310119628906e-01,1.141046997070312500e+03,7.633191528320312500e+02,8.403635025024414062e-01,1.124980834960937500e+03,7.713521728515625000e+02,6.468906402587890625e-01,1.181212158203125000e+03,7.793852539062500000e+02,9.924970269203186035e-01,1.149079956054687500e+03,7.392200317382812500e+02,8.176119327545166016e-01,1.173179199218750000e+03,7.392200317382812500e+02,9.368599057197570801e-01,1.092848632812500000e+03,8.637322387695312500e+02,9.069905877113342285e-01,1.133013916015625000e+03,8.677487182617187500e+02,8.604180812835693359e-01,1.076782592773437500e+03,9.360296020507812500e+02,8.629291057586669922e-01,1.161129516601562500e+03,9.440626831054687500e+02,9.044221639633178711e-01,1.060716552734375000e+03,1.008327026367187500e+03,6.560629606246948242e-01,1.189245239257812500e+03,1.024393066406250000e+03,8.268175721168518066e-01,1.133013916015625000e+03,6.789721679687500000e+02,8.955726623535156250e-01,1.120964355468750000e+03,7.311869506835937500e+02,9.582696557044982910e-01,1.112931274414062500e+03,8.637322387695312500e+02,8.989717364311218262e-01,1.084815673828125000e+03,1.008327026367187500e+03,6.227946877479553223e-01,1.225393920898437500e+03,1.024393066406250000e+03,9.416092038154602051e-01,1.072766113281250000e+03,1.004310485839843750e+03,5.045565962791442871e-01,1.229410400390625000e+03,1.032426147460937500e+03,8.404553532600402832e-01,1.048666992187500000e+03,1.020376586914062500e+03,6.350881457328796387e-01,1.189245239257812500e+03,1.044475708007812500e+03,8.904492259025573730e-01,1.056178970656907723e+03,6.579435202491873724e+02,1.632677911368671175e+02,4.120924689481211090e+02,0.000000000000000000e+00,4.000000000000000000e+00,1.000000000000000000e+00
2.229900000000000000e+04,1.020000000000000000e+02,3.131000000000000000e+03,2.660000000000000000e+02,1.175059204101562500e+03,7.191977539062500000e+02,9.356900453567504883e-01,1.170986083984375000e+03,7.110516967773437500e+02,6.864685416221618652e-01,1.166913085937500000e+03,7.110516967773437500e+02,8.784855604171752930e-01,1.118036743164062500e+03,7.151247558593750000e+02,7.808336615562438965e-01,1.154693969726562500e+03,7.191977539062500000e+02,8.281818628311157227e-01,1.101744628906250000e+03,7.477089843750000000e+02,9.679960012435913086e-01,1.154693969726562500e+03,7.640010986328125000e+02,8.297411799430847168e-01,1.138401855468750000e+03,7.640010986328125000e+02,6.166126728057861328e-01,1.199497314453125000e+03,7.802932128906250000e+02,8.200011253356933594e-01,1.162840087890625000e+03,7.436359252929687500e+02,8.761543631553649902e-01,1.183205200195312500e+03,7.477089843750000000e+02,8.875346779823303223e-01,1.109890625000000000e+03,8.658269042968750000e+02,7.877684235572814941e-01,1.146547973632812500e+03,8.698999023437500000e+02,8.105700016021728516e-01,1.081379394531250000e+03,9.269223632812500000e+02,7.025059461593627930e-01,1.179132202148437500e+03,9.432144775390625000e+02,8.716020584106445312e-01,1.065087280273437500e+03,1.000236938476562500e+03,7.143326401710510254e-01,1.203570312500000000e+03,1.028748168945312500e+03,8.059135079383850098e-01,1.142474853515625000e+03,6.866135253906250000e+02,9.249726533889770508e-01,1.134328857421875000e+03,7.354898681640625000e+02,8.809682726860046387e-01,1.126182739257812500e+03,8.617538452148437500e+02,8.368417024612426758e-01,1.085452514648437500e+03,1.008382995605468750e+03,6.454555392265319824e-01,1.240227661132812500e+03,1.032821166992187500e+03,8.803572654724121094e-01,1.073233398437500000e+03,1.004309936523437500e+03,5.612142682075500488e-01,1.240227661132812500e+03,1.045040283203125000e+03,8.859982490539550781e-01,1.056941284179687500e+03,1.012455993652343750e+03,6.882574558258056641e-01,1.195424316406250000e+03,1.049113281250000000e+03,9.279041886329650879e-01,1.058493617786698451e+03,6.587023055150948494e+02,1.651484566240283129e+02,4.160917915140812511e+02,0.000000000000000000e+00,4.000000000000000000e+00,1.000000000000000000e+00
2.230000000000000000e+04,1.020000000000000000e+02,3.129000000000000000e+03,2.670000000000000000e+02,1.188283325195312500e+03,7.258621826171875000e+02,9.578370451927185059e-01,1.184283935546875000e+03,7.178634033203125000e+02,7.289674878120422363e-01,1.180284545898437500e+03,7.178634033203125000e+02,8.776264786720275879e-01,1.128292358398437500e+03,7.178634033203125000e+02,8.321857452392578125e-01,1.168286376953125000e+03,7.258621826171875000e+02,9.013192653656005859e-01,1.116294189453125000e+03,7.498585815429687500e+02,8.957787752151489258e-01,1.164286987304687500e+03,7.618567504882812500e+02,8.122959733009338379e-01,1.160287597656250000e+03,7.658561401367187500e+02,5.669294595718383789e-01,1.200281494140625000e+03,7.778543090820312500e+02,8.487187027931213379e-01,1.180284545898437500e+03,7.458591308593750000e+02,8.619936108589172363e-01,1.196282104492187500e+03,7.458591308593750000e+02,9.155408143997192383e-01,1.120293579101562500e+03,8.658410034179687500e+02,8.601065278053283691e-01,1.160287597656250000e+03,8.698403930664062500e+02,8.250518441200256348e-01,1.092297851562500000e+03,9.258319091796875000e+02,7.361327409744262695e-01,1.192282714843750000e+03,9.458289184570312500e+02,7.789024114608764648e-01,1.072300903320312500e+03,9.938216552734375000e+02,7.614580988883972168e-01,1.208280273437500000e+03,1.029816162109375000e+03,7.985244393348693848e-01,1.156288208007812500e+03,6.858682250976562500e+02,9.076566696166992188e-01,1.148289428710937500e+03,7.378603515625000000e+02,8.732084035873413086e-01,1.136291137695312500e+03,8.618416137695312500e+02,8.095064163208007812e-01,1.080299682617187500e+03,9.978210449218750000e+02,6.572678685188293457e-01,1.244274902343750000e+03,1.041814331054687500e+03,8.349745273590087891e-01,1.068301513671875000e+03,9.978210449218750000e+02,7.091981768608093262e-01,1.244274902343750000e+03,1.049813110351562500e+03,8.886031508445739746e-01,1.064302124023437500e+03,1.009819213867187500e+03,6.696985960006713867e-01,1.200281494140625000e+03,1.049813110351562500e+03,9.422579407691955566e-01,1.063262933710788275e+03,6.614577089724045891e+02,1.650088820152204789e+02,4.126004223899856242e+02,0.000000000000000000e+00,4.000000000000000000e+00,1.000000000000000000e+00
2.230100000000000000e+04,1.020000000000000000e+02,3.133000000000000000e+03,2.680000000000000000e+02,1.198742919921875000e+03,7.291145019531250000e+02,9.404015541076660156e-01,1.194720458984375000e+03,7.210693969726562500e+02,6.578019857406616211e-01,1.190697875976562500e+03,7.210693969726562500e+02,8.573697805404663086e-01,1.142427368164062500e+03,7.170468750000000000e+02,8.626540899276733398e-01,1.186675292968750000e+03,7.291145019531250000e+02,9.026427865028381348e-01,1.126337280273437500e+03,7.532496948242187500e+02,8.543040752410888672e-01,1.182652832031250000e+03,7.653173217773437500e+02,8.839719891548156738e-01,1.118292236328125000e+03,8.095652465820312500e+02,3.843387663364410400e-01,1.218855590820312500e+03,7.934750976562500000e+02,9.332705736160278320e-01,1.190697875976562500e+03,7.492271728515625000e+02,6.739802360534667969e-01,1.210810546875000000e+03,7.492271728515625000e+02,9.379129409790039062e-01,1.126337280273437500e+03,8.699032592773437500e+02,8.931741714477539062e-01,1.174607666015625000e+03,8.739258422851562500e+02,8.159834742546081543e-01,1.106224609375000000e+03,9.342638549804687500e+02,7.101175785064697266e-01,1.206787963867187500e+03,9.503540039062500000e+02,8.045579791069030762e-01,1.086111938476562500e+03,1.002647033691406250e+03,6.026589274406433105e-01,1.210810546875000000e+03,1.038849853515625000e+03,8.691083788871765137e-01,1.170585205078125000e+03,6.888890991210937500e+02,9.116149544715881348e-01,1.162540161132812500e+03,7.411820678710937500e+02,9.200684428215026855e-01,1.150472534179687500e+03,8.658807373046875000e+02,8.772687315940856934e-01,1.090134399414062500e+03,1.006669555664062500e+03,4.732003211975097656e-01,1.242990844726562500e+03,1.054939941406250000e+03,8.783679008483886719e-01,1.078066772460937500e+03,1.002647033691406250e+03,4.628758728504180908e-01,1.242990844726562500e+03,1.058962524414062500e+03,9.224907755851745605e-01,1.078066772460937500e+03,1.010692077636718750e+03,4.182052016258239746e-01,1.202765502929687500e+03,1.054939941406250000e+03,9.352810382843017578e-01,1.071156971989622207e+03,6.644298656363698683e+02,1.653061258508384981e+02,4.127273608284067450e+02,0.000000000000000000e+00,4.000000000000000000e+00,1.000000000000000000e+00
2.230200000000000000e+04,1.020000000000000000e+02,3.132000000000000000e+03,2.690000000000000000e+02,1.210125976562500000e+03,7.326787719726562500e+02,8.119031786918640137e-01,1.210125976562500000e+03,7.169588623046875000e+02,5.327438712120056152e-01,1.206196044921875000e+03,7.208887939453125000e+02,7.777665257453918457e-01,1.151176269531250000e+03,7.208887939453125000e+02,8.766435384750366211e-01,1.198336059570312500e+03,7.248187866210937500e+02,8.824720382690429688e-01,1.135456420898437500e+03,7.601885986328125000e+02,9.085702300071716309e-01,1.194406127929687500e+03,7.680485229492187500e+02,8.377139568328857422e-01,1.115806518554687500e+03,8.309281616210937500e+02,7.029027938842773438e-01,1.233705810546875000e+03,7.916284179687500000e+02,8.557751178741455078e-01,1.123666503906250000e+03,8.623679809570312500e+02,7.319350838661193848e-01,1.221915893554687500e+03,7.523286132812500000e+02,9.782282710075378418e-01,1.139386352539062500e+03,8.741579589843750000e+02,8.812034130096435547e-01,1.190476074218750000e+03,8.780878906250000000e+02,8.255106210708618164e-01,1.111876586914062500e+03,9.331076049804687500e+02,7.835628986358642578e-01,1.221915893554687500e+03,9.488275146484375000e+02,8.572666645050048828e-01,1.092226684570312500e+03,1.003847167968750000e+03,6.980855464935302734e-01,1.210125976562500000e+03,1.039217041015625000e+03,9.211124181747436523e-01,1.182616088867187500e+03,6.855190429687500000e+02,9.274772405624389648e-01,1.170826171875000000e+03,7.405386962890625000e+02,9.321760535240173340e-01,1.162966308593750000e+03,8.702279663085937500e+02,8.520755171775817871e-01,1.084366699218750000e+03,1.007777160644531250e+03,4.065976142883300781e-01,1.245495727539062500e+03,1.054936889648437500e+03,8.930275440216064453e-01,1.072576782226562500e+03,1.011707153320312500e+03,5.949059724807739258e-01,1.241565795898437500e+03,1.058866821289062500e+03,9.053791761398315430e-01,1.084366699218750000e+03,1.019567077636718750e+03,5.106667876243591309e-01,1.202265991210937500e+03,1.054936889648437500e+03,9.155812859535217285e-01,1.077647117086383332e+03,6.714395199745334821e+02,1.636823257706187178e+02,4.064753556772330967e+02,0.000000000000000000e+00,4.000000000000000000e+00,1.000000000000000000e+00
2.230300000000000000e+04,1.020000000000000000e+02,3.134000000000000000e+03,2.700000000000000000e+02,1.224169677734375000e+03,7.246757202148437500e+02,9.052185416221618652e-01,1.224169677734375000e+03,7.127655029296875000e+02,5.743927955627441406e-01,1.220199707031250000e+03,7.167355346679687500e+02,8.165360093116760254e-01,1.164618530273437500e+03,7.167355346679687500e+02,8.236222267150878906e-01,1.212259521484375000e+03,7.246757202148437500e+02,8.410885334014892578e-01,1.144768066406250000e+03,7.564364013671875000e+02,9.191040396690368652e-01,1.208289428710937500e+03,7.643765258789062500e+02,8.426944017410278320e-01,1.124917724609375000e+03,8.278978881835937500e+02,7.949579954147338867e-01,1.244020141601562500e+03,7.881970214843750000e+02,9.326418042182922363e-01,1.132857788085937500e+03,8.636286010742187500e+02,8.144860267639160156e-01,1.236079956054687500e+03,7.445261230468750000e+02,9.823726415634155273e-01,1.152708251953125000e+03,8.795089721679687500e+02,9.283818006515502930e-01,1.200349243164062500e+03,8.795089721679687500e+02,8.623176813125610352e-01,1.144768066406250000e+03,9.589105834960937500e+02,7.332080006599426270e-01,1.224169677734375000e+03,9.509704589843750000e+02,8.821492791175842285e-01,1.120947631835937500e+03,1.030372070312500000e+03,2.806347608566284180e-01,1.212259521484375000e+03,1.038312255859375000e+03,9.284175038337707520e-01,1.196379150390625000e+03,6.849749145507812500e+02,9.227036237716674805e-01,1.184468872070312500e+03,7.365859985351562500e+02,9.082298278808593750e-01,1.176528686523437500e+03,8.755388793945312500e+02,8.466457724571228027e-01,1.240050048828125000e+03,1.058162719726562500e+03,3.157207071781158447e-01,1.244020141601562500e+03,1.050222534179687500e+03,8.907887935638427734e-01,1.228139770507812500e+03,1.058162719726562500e+03,2.958279252052307129e-01,1.244020141601562500e+03,1.058162719726562500e+03,8.767327070236206055e-01,1.192409057617187500e+03,1.058162719726562500e+03,4.367298781871795654e-01,1.204319335937500000e+03,1.054192626953125000e+03,8.915053009986877441e-01,1.091074367206803799e+03,6.683939462106196743e+02,1.634198929836568368e+02,4.067559818721014153e+02,0.000000000000000000e+00,4.000000000000000000e+00,1.000000000000000000e+00
2.230400000000000000e+04,1.020000000000000000e+02,3.132000000000000000e+03,2.710000000000000000e+02,1.234357421875000000e+03,7.295465698242187500e+02,7.843531370162963867e-01,1.234357421875000000e+03,7.174813232421875000e+02,4.369933307170867920e-01,1.230335693359375000e+03,7.174813232421875000e+02,7.814376354217529297e-01,1.178052856445312500e+03,7.134595947265625000e+02,8.889384269714355469e-01,1.222292114257812500e+03,7.215030517578125000e+02,8.929755091667175293e-01,1.153922363281250000e+03,7.576988525390625000e+02,9.102206230163574219e-01,1.222292114257812500e+03,7.617206420898437500e+02,8.863373398780822754e-01,1.133813598632812500e+03,8.300904541015625000e+02,8.318697810173034668e-01,1.262509643554687500e+03,7.858511352539062500e+02,9.503775835037231445e-01,1.145878784179687500e+03,8.662861938476562500e+02,8.897795677185058594e-01,1.246422607421875000e+03,7.456336059570312500e+02,8.987988233566284180e-01,1.161965820312500000e+03,8.863949584960937500e+02,9.198055863380432129e-01,1.214248657226562500e+03,8.863949584960937500e+02,8.758569955825805664e-01,1.153922363281250000e+03,9.668300781250000000e+02,7.714619040489196777e-01,1.226313842773437500e+03,9.547648315429687500e+02,8.687930107116699219e-01,1.117726562500000000e+03,1.027156372070312500e+03,4.779526293277740479e-01,1.214248657226562500e+03,1.043243408203125000e+03,9.106149673461914062e-01,1.210226928710937500e+03,6.853073120117187500e+02,9.225270152091979980e-01,1.198161621093750000e+03,7.375900878906250000e+02,9.712141156196594238e-01,1.186096313476562500e+03,8.783515014648437500e+02,8.792464137077331543e-01,1.117726562500000000e+03,1.055308593750000000e+03,5.371586680412292480e-01,1.246422607421875000e+03,1.055308593750000000e+03,8.996997475624084473e-01,1.113704833984375000e+03,1.051286865234375000e+03,4.488519728183746338e-01,1.242400878906250000e+03,1.063352172851562500e+03,9.040639400482177734e-01,1.097617797851562500e+03,1.043243408203125000e+03,3.129595816135406494e-01,1.202183349609375000e+03,1.059330444335937500e+03,9.565194845199584961e-01,1.098254504100368877e+03,6.672817446381742457e+02,1.656126840777849338e+02,4.103312909551349321e+02,0.000000000000000000e+00,4.000000000000000000e+00,1.000000000000000000e+00
2.230500000000000000e+04,1.020000000000000000e+02,3.115000000000000000e+03,2.720000000000000000e+02,1.246546875000000000e+03,7.245249633789062500e+02,8.700318336486816406e-01,1.250469238281250000e+03,7.127578125000000000e+02,5.494479537010192871e-01,1.246546875000000000e+03,7.127578125000000000e+02,8.274483084678649902e-01,1.187711181640625000e+03,7.127578125000000000e+02,8.595700860023498535e-01,1.230857299804687500e+03,7.166802368164062500e+02,9.016685485839843750e-01,1.164176879882812500e+03,7.559040527343750000e+02,9.289066195487976074e-01,1.234779663085937500e+03,7.598264160156250000e+02,8.794432878494262695e-01,1.140642578125000000e+03,8.265068969726562500e+02,8.270783424377441406e-01,1.270081176757812500e+03,7.794382934570312500e+02,9.145798087120056152e-01,1.152409667968750000e+03,8.618083496093750000e+02,8.465885519981384277e-01,1.258313964843750000e+03,7.441369018554687500e+02,9.406136274337768555e-01,1.175943969726562500e+03,8.774978637695312500e+02,8.909569978713989258e-01,1.223012573242187500e+03,8.774978637695312500e+02,8.659353256225585938e-01,1.172021606445312500e+03,9.520230712890625000e+02,8.766288161277770996e-01,1.226934936523437500e+03,9.559454956054687500e+02,9.055523872375488281e-01,1.140642578125000000e+03,1.010858825683593750e+03,7.541983723640441895e-01,1.215167846679687500e+03,1.042237792968750000e+03,8.872708082199096680e-01,1.219090209960937500e+03,6.813787841796875000e+02,9.019497036933898926e-01,1.207322998046875000e+03,7.323697509765625000e+02,9.232615232467651367e-01,1.199478271484375000e+03,8.735754394531250000e+02,8.658122420310974121e-01,1.132797851562500000e+03,1.050082641601562500e+03,8.830966949462890625e-01,1.242624511718750000e+03,1.050082641601562500e+03,8.735441565513610840e-01,1.121030639648437500e+03,1.046160278320312500e+03,8.165400028228759766e-01,1.246546875000000000e+03,1.057927368164062500e+03,9.143873453140258789e-01,1.128875366210937500e+03,1.006936401367187500e+03,7.505404353141784668e-01,1.207322998046875000e+03,1.057927368164062500e+03,9.478875994682312012e-01,1.113581793177838790e+03,6.671467225298384847e+02,1.634577921086674905e+02,4.049559996870660825e+02,0.000000000000000000e+00,4.000000000000000000e+00,1.000000000000000000e+00
2.230600000000000000e+04,1.020000000000000000e+02,3.108000000000000000e+03,2.730000000000000000e+02,1.254480834960937500e+03,7.280949707031250000e+02,7.662481069564819336e-01,1.258294067382812500e+03,7.128419189453125000e+02,4.573348760604858398e-01,1.254480834960937500e+03,7.166551513671875000e+02,7.818993330001831055e-01,1.201095336914062500e+03,7.128419189453125000e+02,8.562505841255187988e-01,1.243041137695312500e+03,7.166551513671875000e+02,8.691486120223999023e-01,1.178215820312500000e+03,7.509744873046875000e+02,9.239867925643920898e-01,1.246854370117187500e+03,7.547877197265625000e+02,8.289753198623657227e-01,1.151523071289062500e+03,8.157997436523437500e+02,8.481217622756958008e-01,1.284986816406250000e+03,7.814804687500000000e+02,9.297727942466735840e-01,1.159149536132812500e+03,8.577455444335937500e+02,8.053673505783081055e-01,1.265920654296875000e+03,7.471611938476562500e+02,8.977774977684020996e-01,1.185842285156250000e+03,8.729985351562500000e+02,9.274001717567443848e-01,1.235414550781250000e+03,8.729985351562500000e+02,8.546973466873168945e-01,1.185842285156250000e+03,9.530768432617187500e+02,8.942586779594421387e-01,1.235414550781250000e+03,9.568901367187500000e+02,9.016873240470886230e-01,1.155336303710937500e+03,1.017902160644531250e+03,8.137122392654418945e-01,1.220161621093750000e+03,1.040781616210937500e+03,9.378315210342407227e-01,1.231601318359375000e+03,6.823359375000000000e+02,9.120154976844787598e-01,1.220161621093750000e+03,7.319082031250000000e+02,8.953979015350341797e-01,1.208721801757812500e+03,8.691853027343750000e+02,9.005615115165710449e-01,1.159149536132812500e+03,1.059847900390625000e+03,8.122293353080749512e-01,1.243041137695312500e+03,1.052221435546875000e+03,8.990615010261535645e-01,1.151523071289062500e+03,1.052221435546875000e+03,7.605474591255187988e-01,1.246854370117187500e+03,1.059847900390625000e+03,9.199181795120239258e-01,1.147709716796875000e+03,1.017902160644531250e+03,7.914397716522216797e-01,1.208721801757812500e+03,1.056034667968750000e+03,8.585795760154724121e-01,1.126499662606577203e+03,6.730371079970393566e+02,1.599320568005157384e+02,3.954521199646017067e+02,0.000000000000000000e+00,4.000000000000000000e+00,1.000000000000000000e+00
2.230700000000000000e+04,1.020000000000000000e+02,3.108000000000000000e+03,2.740000000000000000e+02,1.269727294921875000e+03,7.267426757812500000e+02,7.998288273811340332e-01,1.273624145507812500e+03,7.111552124023437500e+02,4.880679845809936523e-01,1.269727294921875000e+03,7.150520629882812500e+02,8.016839623451232910e-01,1.215171142578125000e+03,7.072583618164062500e+02,8.492735028266906738e-01,1.258036743164062500e+03,7.189489746093750000e+02,8.618813157081604004e-01,1.187893066406250000e+03,7.501239013671875000e+02,9.053213000297546387e-01,1.258036743164062500e+03,7.540207519531250000e+02,8.835825324058532715e-01,1.164511840820312500e+03,8.124738159179687500e+02,8.587425947189331055e-01,1.297005371093750000e+03,7.774019775390625000e+02,9.002759456634521484e-01,1.168408813476562500e+03,8.553393554687500000e+02,8.452479839324951172e-01,1.277521118164062500e+03,7.423302001953125000e+02,9.603531956672668457e-01,1.195686889648437500e+03,8.709268188476562500e+02,9.375537633895874023e-01,1.242449218750000000e+03,8.709268188476562500e+02,8.923833966255187988e-01,1.199583740234375000e+03,9.488641967773437500e+02,9.593554139137268066e-01,1.238552368164062500e+03,9.527610473632812500e+02,9.486267566680908203e-01,1.183996215820312500e+03,1.019007812500000000e+03,8.131240606307983398e-01,1.219067993164062500e+03,1.038492187500000000e+03,9.325434565544128418e-01,1.246346069335937500e+03,6.799802856445312500e+02,9.670673608779907227e-01,1.230758666992187500e+03,7.267426757812500000e+02,9.310106039047241211e-01,1.219067993164062500e+03,8.670299682617187500e+02,9.183068275451660156e-01,1.191789916992187500e+03,1.038492187500000000e+03,7.085533142089843750e-01,1.246346069335937500e+03,1.054079589843750000e+03,9.231187105178833008e-01,1.180099365234375000e+03,1.034595336914062500e+03,5.176877379417419434e-01,1.246346069335937500e+03,1.057976562500000000e+03,9.119738936424255371e-01,1.180099365234375000e+03,1.030698486328125000e+03,6.575632095336914062e-01,1.211274291992187500e+03,1.054079589843750000e+03,8.625864982604980469e-01,1.139735494811653325e+03,6.709669085424823152e+02,1.598982444695611775e+02,3.975833121976650091e+02,0.000000000000000000e+00,4.000000000000000000e+00,1.000000000000000000e+00
2.230800000000000000e+04,1.020000000000000000e+02,3.109000000000000000e+03,2.750000000000000000e+02,1.277655761718750000e+03,7.174948120117187500e+02,7.368322014808654785e-01,1.277655761718750000e+03,7.027081909179687500e+02,4.938197135925292969e-01,1.273959106445312500e+03,7.064048461914062500e+02,7.808888554573059082e-01,1.225902465820312500e+03,7.027081909179687500e+02,7.902308702468872070e-01,1.262869140625000000e+03,7.101015014648437500e+02,8.376169204711914062e-01,1.196329223632812500e+03,7.433714599609375000e+02,9.416296482086181641e-01,1.262869140625000000e+03,7.470681152343750000e+02,8.536078333854675293e-01,1.166755981445312500e+03,8.210012817382812500e+02,7.514396905899047852e-01,1.307229003906250000e+03,7.803380126953125000e+02,8.936424851417541504e-01,1.181542602539062500e+03,8.579678344726562500e+02,8.965184092521667480e-01,1.299835693359375000e+03,7.470681152343750000e+02,8.913403153419494629e-01,1.203722534179687500e+03,8.727544555664062500e+02,8.965282440185546875e-01,1.248082519531250000e+03,8.727544555664062500e+02,8.694359660148620605e-01,1.218509155273437500e+03,9.577775878906250000e+02,8.913043737411499023e-01,1.240689208984375000e+03,9.577775878906250000e+02,8.375439643859863281e-01,1.225902465820312500e+03,1.039104003906250000e+03,8.998400568962097168e-01,1.214812500000000000e+03,1.039104003906250000e+03,8.953828215599060059e-01,1.255475830078125000e+03,6.768316040039062500e+02,8.850834369659423828e-01,1.236992553710937500e+03,7.248881225585937500e+02,9.386250972747802734e-01,1.225902465820312500e+03,8.690578002929687500e+02,9.145971536636352539e-01,1.251779174804687500e+03,1.057587402343750000e+03,7.712929248809814453e-01,1.244385864257812500e+03,1.061284057617187500e+03,8.225802779197692871e-01,1.248082519531250000e+03,1.053890747070312500e+03,8.080425858497619629e-01,1.240689208984375000e+03,1.061284057617187500e+03,8.558160662651062012e-01,1.222205810546875000e+03,1.053890747070312500e+03,6.588918566703796387e-01,1.203722534179687500e+03,1.057587402343750000e+03,7.750573754310607910e-01,1.153154542821925361e+03,6.733445118582010309e+02,1.559673208807321316e+02,3.848175211836180551e+02,0.000000000000000000e+00,4.000000000000000000e+00,1.000000000000000000e+00
2.230900000000000000e+04,1.020000000000000000e+02,3.109000000000000000e+03,2.760000000000000000e+02,1.278229614257812500e+03,7.125993041992187500e+02,6.966263651847839355e-01,1.282225830078125000e+03,7.046069946289062500e+02,3.383399844169616699e-01,1.278229614257812500e+03,7.086031494140625000e+02,7.418022751808166504e-01,1.230275634765625000e+03,7.046069946289062500e+02,8.664267659187316895e-01,1.270237304687500000e+03,7.086031494140625000e+02,8.692405223846435547e-01,1.202302612304687500e+03,7.485647583007812500e+02,9.004011750221252441e-01,1.278229614257812500e+03,7.445686035156250000e+02,8.649698495864868164e-01,1.174329467773437500e+03,8.164994506835937500e+02,7.531368732452392578e-01,1.322187377929687500e+03,7.925225219726562500e+02,9.152762889862060547e-01,1.186317993164062500e+03,8.564610595703125000e+02,8.858028650283813477e-01,1.310198852539062500e+03,7.565570678710937500e+02,4.666470885276794434e-01,1.218287231445312500e+03,8.724457397460937500e+02,9.201164245605468750e-01,1.266241088867187500e+03,8.724457397460937500e+02,9.463916420936584473e-01,1.226279541015625000e+03,9.643574218750000000e+02,8.401751518249511719e-01,1.258248779296875000e+03,9.603612060546875000e+02,7.881345748901367188e-01,1.234271850585937500e+03,1.044280639648437500e+03,7.600443363189697266e-01,1.230275634765625000e+03,1.040284423828125000e+03,7.383844852447509766e-01,1.254252685546875000e+03,6.766339111328125000e+02,9.339466094970703125e-01,1.246260375976562500e+03,7.205916137695312500e+02,9.275227785110473633e-01,1.238268066406250000e+03,8.684495849609375000e+02,9.248922467231750488e-01,1.266241088867187500e+03,1.060265258789062500e+03,7.052918672561645508e-01,1.250256469726562500e+03,1.060265258789062500e+03,8.833542466163635254e-01,1.258248779296875000e+03,1.056269042968750000e+03,6.549054384231567383e-01,1.254252685546875000e+03,1.060265258789062500e+03,8.180153965950012207e-01,1.226279541015625000e+03,1.060265258789062500e+03,7.238228917121887207e-01,1.210294921875000000e+03,1.056269042968750000e+03,8.817167878150939941e-01,1.169671919798787258e+03,6.658965625026692123e+02,1.638213487270825226e+02,4.005755194526543619e+02,0.000000000000000000e+00,4.000000000000000000e+00,1.000000000000000000e+00
2.231000000000000000e+04,1.020000000000000000e+02,3.109000000000000000e+03,2.770000000000000000e+02,1.297351196289062500e+03,7.175909423828125000e+02,6.473085880279541016e-01,1.244655883789062500e+03,7.013770141601562500e+02,3.244827091693878174e-01,1.293297729492187500e+03,7.094840087890625000e+02,7.374225258827209473e-01,1.244655883789062500e+03,7.054304809570312500e+02,8.837743997573852539e-01,1.285190673828125000e+03,7.094840087890625000e+02,8.548034429550170898e-01,1.216281372070312500e+03,7.459653930664062500e+02,9.171379208564758301e-01,1.289244262695312500e+03,7.459653930664062500e+02,8.809955120086669922e-01,1.183853515625000000e+03,8.229816894531250000e+02,8.305231332778930664e-01,1.325725585937500000e+03,7.986607666015625000e+02,8.653885126113891602e-01,1.200067382812500000e+03,8.554096069335937500e+02,9.103879928588867188e-01,1.313565185546875000e+03,7.500188598632812500e+02,8.169450759887695312e-01,1.228441894531250000e+03,8.716235961914062500e+02,8.762354850769042969e-01,1.273030273437500000e+03,8.716235961914062500e+02,9.020156860351562500e-01,1.236548828125000000e+03,9.608003540039062500e+02,8.367322683334350586e-01,1.273030273437500000e+03,9.567468261718750000e+02,8.885081410408020020e-01,1.216281372070312500e+03,1.041870117187500000e+03,9.048573374748229980e-01,1.268976806640625000e+03,1.033763183593750000e+03,8.984586000442504883e-01,1.273030273437500000e+03,6.770560913085937500e+02,9.436417222023010254e-01,1.260869750976562500e+03,7.216444702148437500e+02,9.207869768142700195e-01,1.248709350585937500e+03,8.675700683593750000e+02,9.107189178466796875e-01,1.248709350585937500e+03,1.058084106445312500e+03,9.482207298278808594e-01,1.297351196289062500e+03,1.041870117187500000e+03,7.538180947303771973e-01,1.244655883789062500e+03,1.054030639648437500e+03,9.129906892776489258e-01,1.293297729492187500e+03,1.045923583984375000e+03,7.402583956718444824e-01,1.208174438476562500e+03,1.058084106445312500e+03,8.978123664855957031e-01,1.268976806640625000e+03,1.054030639648437500e+03,8.487175107002258301e-01,1.174680267944945172e+03,6.606777149067956998e+02,1.663110809530178358e+02,4.101389821192178715e+02,0.000000000000000000e+00,4.000000000000000000e+00,1.000000000000000000e+00
2.231100000000000000e+04,1.020000000000000000e+02,3.109000000000000000e+03,2.780000000000000000e+02,1.312355712890625000e+03,7.179055175781250000e+02,6.499835848808288574e-01,1.255050659179687500e+03,6.974394531250000000e+02,3.323149681091308594e-01,1.308262573242187500e+03,7.097191162109375000e+02,6.926935315132141113e-01,1.259143920898437500e+03,7.015326538085937500e+02,8.692377209663391113e-01,1.300076171875000000e+03,7.097191162109375000e+02,8.369326591491699219e-01,1.230491333007812500e+03,7.465581054687500000e+02,9.247436523437500000e-01,1.300076171875000000e+03,7.465581054687500000e+02,8.971115350723266602e-01,1.197745605468750000e+03,8.202360839843750000e+02,7.833576798439025879e-01,1.336915039062500000e+03,7.833970947265625000e+02,9.460464715957641602e-01,1.214118408203125000e+03,8.570750732421875000e+02,8.759052157402038574e-01,1.324635498046875000e+03,7.465581054687500000e+02,6.447403430938720703e-01,1.234584594726562500e+03,8.693547363281250000e+02,8.924518227577209473e-01,1.283703247070312500e+03,8.693547363281250000e+02,8.751908540725708008e-01,1.242770996093750000e+03,9.512191162109375000e+02,8.759765625000000000e-01,1.283703247070312500e+03,9.471259155273437500e+02,8.403453826904296875e-01,1.222304931640625000e+03,1.041270019531250000e+03,8.946834206581115723e-01,1.291889648437500000e+03,1.024897094726562500e+03,7.552908062934875488e-01,1.287796386718750000e+03,6.728801269531250000e+02,9.297450184822082520e-01,1.271423583984375000e+03,7.219987792968750000e+02,8.903649449348449707e-01,1.259143920898437500e+03,8.652614746093750000e+02,9.060651659965515137e-01,1.255050659179687500e+03,1.061736083984375000e+03,1.014324426651000977e+00,1.300076171875000000e+03,1.041270019531250000e+03,6.490460634231567383e-01,1.250957519531250000e+03,1.057642822265625000e+03,9.206548929214477539e-01,1.304169311523437500e+03,1.041270019531250000e+03,6.454771757125854492e-01,1.210025268554687500e+03,1.057642822265625000e+03,8.520099520683288574e-01,1.291889648437500000e+03,1.041270019531250000e+03,7.594276070594787598e-01,1.184885480893625072e+03,6.585049212377330150e+02,1.688722676948718799e+02,4.164607253381263945e+02,0.000000000000000000e+00,4.000000000000000000e+00,1.000000000000000000e+00
2.231200000000000000e+04,1.020000000000000000e+02,3.127000000000000000e+03,2.790000000000000000e+02,1.316116943359375000e+03,7.202244873046875000e+02,6.607029438018798828e-01,1.316116943359375000e+03,7.082003173828125000e+02,3.016639947891235352e-01,1.312108886718750000e+03,7.122083740234375000e+02,7.059602141380310059e-01,1.264011962890625000e+03,7.082003173828125000e+02,8.357394337654113770e-01,1.304092651367187500e+03,7.122083740234375000e+02,7.845427393913269043e-01,1.239963623046875000e+03,7.482810058593750000e+02,9.140273332595825195e-01,1.308100830078125000e+03,7.442729492187500000e+02,9.029155969619750977e-01,1.207899047851562500e+03,8.124100952148437500e+02,6.925704479217529297e-01,1.348181518554687500e+03,7.843536376953125000e+02,8.518280386924743652e-01,1.207899047851562500e+03,8.524907836914062500e+02,8.596205711364746094e-01,1.360205688476562500e+03,7.723294067382812500e+02,7.626965045928955078e-01,1.243971679687500000e+03,8.725311279296875000e+02,8.899900913238525391e-01,1.292068481445312500e+03,8.725311279296875000e+02,8.546887636184692383e-01,1.247979736328125000e+03,9.567006225585937500e+02,8.484833836555480957e-01,1.296076538085937500e+03,9.526925048828125000e+02,8.486440777778625488e-01,1.223931274414062500e+03,1.036861938476562500e+03,7.625408172607421875e-01,1.316116943359375000e+03,1.016821655273437500e+03,7.432299256324768066e-01,1.292068481445312500e+03,6.801437988281250000e+02,8.978265523910522461e-01,1.280044311523437500e+03,7.242326049804687500e+02,9.140729308128356934e-01,1.268020141601562500e+03,8.685230712890625000e+02,8.895969986915588379e-01,1.255995849609375000e+03,1.060910400390625000e+03,9.239066839218139648e-01,1.336157226562500000e+03,1.020829711914062500e+03,6.934981346130371094e-01,1.251987792968750000e+03,1.060910400390625000e+03,9.523016810417175293e-01,1.340165283203125000e+03,1.024837768554687500e+03,7.531042695045471191e-01,1.211907104492187500e+03,1.052894287109375000e+03,8.891663551330566406e-01,1.320125000000000000e+03,1.036861938476562500e+03,7.411940693855285645e-01,1.198956177667714201e+03,6.600342044718603347e+02,1.705048934004098555e+02,4.131350333162282595e+02,0.000000000000000000e+00,4.000000000000000000e+00,1.000000000000000000e+00
2.231300000000000000e+04,1.020000000000000000e+02,3.127000000000000000e+03,2.800000000000000000e+02,1.327851074218750000e+03,7.249685668945312500e+02,6.776472330093383789e-01,1.327851074218750000e+03,7.130975952148437500e+02,2.907198071479797363e-01,1.327851074218750000e+03,7.170545654296875000e+02,7.491905689239501953e-01,1.280367065429687500e+03,7.091406250000000000e+02,8.388557434082031250e-01,1.319937011718750000e+03,7.170545654296875000e+02,8.663104176521301270e-01,1.252668090820312500e+03,7.447535400390625000e+02,8.776064515113830566e-01,1.323894042968750000e+03,7.487105712890625000e+02,8.816578388214111328e-01,1.224969116210937500e+03,8.041085205078125000e+02,7.609992027282714844e-01,1.359506958007812500e+03,7.882805175781250000e+02,9.147009849548339844e-01,1.217055175781250000e+03,8.515924682617187500e+02,8.547105789184570312e-01,1.347635986328125000e+03,7.487105712890625000e+02,7.885305881500244141e-01,1.256625122070312500e+03,8.713774414062500000e+02,9.161544442176818848e-01,1.300152099609375000e+03,8.713774414062500000e+02,8.702185153961181641e-01,1.252668090820312500e+03,9.584313354492187500e+02,8.337050676345825195e-01,1.308066040039062500e+03,9.505173339843750000e+02,8.372071385383605957e-01,1.224969116210937500e+03,1.041528198242187500e+03,7.131813168525695801e-01,1.331807983398437500e+03,1.017786254882812500e+03,7.218740582466125488e-01,1.308066040039062500e+03,6.853986206054687500e+02,8.956912755966186523e-01,1.292238037109375000e+03,7.249685668945312500e+02,9.387810230255126953e-01,1.280367065429687500e+03,8.674204101562500000e+02,8.788548111915588379e-01,1.260582031250000000e+03,1.065270263671875000e+03,9.107579588890075684e-01,1.359506958007812500e+03,1.017786254882812500e+03,8.474338650703430176e-01,1.252668090820312500e+03,1.057356201171875000e+03,9.757330417633056641e-01,1.359506958007812500e+03,1.017786254882812500e+03,8.737936615943908691e-01,1.213098144531250000e+03,1.053399169921875000e+03,9.054263830184936523e-01,1.331807983398437500e+03,1.037571289062500000e+03,8.003911375999450684e-01,1.208511608150216034e+03,6.642836013250712313e+02,1.726038094183522844e+02,4.083292835474092044e+02,0.000000000000000000e+00,4.000000000000000000e+00,1.000000000000000000e+00
2.231400000000000000e+04,1.020000000000000000e+02,3.127000000000000000e+03,2.810000000000000000e+02,1.343860839843750000e+03,7.233361206054687500e+02,5.310066342353820801e-01,1.285078613281250000e+03,7.076608276367187500e+02,3.824004530906677246e-01,1.339942016601562500e+03,7.154984741210937500e+02,7.153079509735107422e-01,1.288997436523437500e+03,7.076608276367187500e+02,8.240538239479064941e-01,1.332104370117187500e+03,7.154984741210937500e+02,8.787977695465087891e-01,1.261565673828125000e+03,7.507678222656250000e+02,9.051712751388549805e-01,1.332104370117187500e+03,7.507678222656250000e+02,8.949590921401977539e-01,1.226296264648437500e+03,8.173878173828125000e+02,7.464297413825988770e-01,1.371292602539062500e+03,7.938748779296875000e+02,9.083163142204284668e-01,1.230215087890625000e+03,8.604948120117187500e+02,8.548829555511474609e-01,1.359536132812500000e+03,7.586054687500000000e+02,8.739418387413024902e-01,1.265484497070312500e+03,8.761701049804687500e+02,8.163833022117614746e-01,1.312510253906250000e+03,8.800889282226562500e+02,8.228242993354797363e-01,1.257646850585937500e+03,9.623841552734375000e+02,6.072430014610290527e-01,1.312510253906250000e+03,9.545465087890625000e+02,6.180899739265441895e-01,1.226296264648437500e+03,1.040760620117187500e+03,6.969527006149291992e-01,1.339942016601562500e+03,1.021166442871093750e+03,4.274958074092864990e-01,1.316429077148437500e+03,6.841478881835937500e+02,9.776734709739685059e-01,1.304672607421875000e+03,7.272549438476562500e+02,9.448161125183105469e-01,1.288997436523437500e+03,8.722512817382812500e+02,8.641057014465332031e-01,1.261565673828125000e+03,1.064273437500000000e+03,8.703534007072448730e-01,1.363454956054687500e+03,1.025085327148437500e+03,8.313686847686767578e-01,1.253728027343750000e+03,1.060354614257812500e+03,8.909910917282104492e-01,1.367373779296875000e+03,1.032922973632812500e+03,8.298839330673217773e-01,1.210620971679687500e+03,1.052517089843750000e+03,8.300504684448242188e-01,1.336023193359375000e+03,1.036841796875000000e+03,7.467738986015319824e-01,1.212083851637881480e+03,6.677983937974938726e+02,1.734117251884711095e+02,4.038763621092364247e+02,0.000000000000000000e+00,4.000000000000000000e+00,1.000000000000000000e+00
2.231500000000000000e+04,1.020000000000000000e+02,3.135000000000000000e+03,2.820000000000000000e+02,1.349862670898437500e+03,7.201417846679687500e+02,4.163011610507965088e-01,1.283058105468750000e+03,7.083527221679687500e+02,3.341759741306304932e-01,1.345932983398437500e+03,7.122824096679687500e+02,5.628923177719116211e-01,1.290917480468750000e+03,7.122824096679687500e+02,7.838975191116333008e-01,1.338073730468750000e+03,7.162120971679687500e+02,7.972070574760437012e-01,1.267339355468750000e+03,7.555089111328125000e+02,9.051775336265563965e-01,1.342003417968750000e+03,7.515792846679687500e+02,8.928660750389099121e-01,1.239831665039062500e+03,8.144541625976562500e+02,7.715618014335632324e-01,1.381300170898437500e+03,7.948057861328125000e+02,8.625407814979553223e-01,1.235901977539062500e+03,8.576806640625000000e+02,7.539918422698974609e-01,1.369511108398437500e+03,7.555089111328125000e+02,8.486515879631042480e-01,1.275198730468750000e+03,8.812587890625000000e+02,8.125473856925964355e-01,1.326284667968750000e+03,8.812587890625000000e+02,8.495488166809082031e-01,1.267339355468750000e+03,9.637821044921875000e+02,7.037831544876098633e-01,1.330214355468750000e+03,9.598524169921875000e+02,6.731818914413452148e-01,1.228042602539062500e+03,1.042375732421875000e+03,8.272134065628051758e-01,1.349862670898437500e+03,1.030586669921875000e+03,5.582196116447448730e-01,1.322354980468750000e+03,6.847746582031250000e+02,9.761680960655212402e-01,1.310565917968750000e+03,7.280011596679687500e+02,9.388555288314819336e-01,1.302706542968750000e+03,8.773291015625000000e+02,8.616606593132019043e-01,1.263409667968750000e+03,1.065953857421875000e+03,8.856230378150939941e-01,1.369511108398437500e+03,1.034516357421875000e+03,7.753196358680725098e-01,1.259479980468750000e+03,1.062024169921875000e+03,8.664243817329406738e-01,1.373440795898437500e+03,1.038446044921875000e+03,8.410338759422302246e-01,1.212323852539062500e+03,1.054164794921875000e+03,8.362445235252380371e-01,1.342003417968750000e+03,1.050235107421875000e+03,8.616867661476135254e-01,1.213444311492200995e+03,6.695101367593742907e+02,1.753506021230400620e+02,4.029197648634371944e+02,0.000000000000000000e+00,4.000000000000000000e+00,1.000000000000000000e+00
2.231600000000000000e+04,1.020000000000000000e+02,3.107000000000000000e+03,2.830000000000000000e+02,1.362137573242187500e+03,7.261085205078125000e+02,3.852414190769195557e-01,1.300532226562500000e+03,7.184078369140625000e+02,2.538983225822448730e-01,1.358287231445312500e+03,7.184078369140625000e+02,5.127390027046203613e-01,1.312083251953125000e+03,7.145574951171875000e+02,7.720440030097961426e-01,1.350586547851562500e+03,7.222581787109375000e+02,7.881904840469360352e-01,1.285130859375000000e+03,7.530608520507812500e+02,9.407420754432678223e-01,1.350586547851562500e+03,7.530608520507812500e+02,8.751511573791503906e-01,1.258178588867187500e+03,8.108158569335937500e+02,8.464226722717285156e-01,1.389089965820312500e+03,7.954145507812500000e+02,9.009591937065124512e-01,1.250477905273437500e+03,8.608701782226562500e+02,8.461943864822387695e-01,1.385239624023437500e+03,7.530608520507812500e+02,8.962187170982360840e-01,1.288981201171875000e+03,8.762715454101562500e+02,8.869582414627075195e-01,1.335185302734375000e+03,8.801218872070312500e+02,8.938461542129516602e-01,1.273579956054687500e+03,9.648292236328125000e+02,7.984858155250549316e-01,1.342885864257812500e+03,9.532781982421875000e+02,9.138050675392150879e-01,1.238926879882812500e+03,1.041835937500000000e+03,8.436169624328613281e-01,1.350586547851562500e+03,1.030284912109375000e+03,8.808656334877014160e-01,1.339035522460937500e+03,6.914555053710937500e+02,9.166586995124816895e-01,1.323634277343750000e+03,7.299588623046875000e+02,9.059436321258544922e-01,1.312083251953125000e+03,8.724212036132812500e+02,9.179673194885253906e-01,1.262028930664062500e+03,1.064937866210937500e+03,7.361607551574707031e-01,1.373688598632812500e+03,1.037985595703125000e+03,8.301613926887512207e-01,1.254328247070312500e+03,1.061087524414062500e+03,7.019756436347961426e-01,1.377538940429687500e+03,1.041835937500000000e+03,8.228946328163146973e-01,1.219675170898437500e+03,1.053386962890625000e+03,8.160812258720397949e-01,1.346736206054687500e+03,1.049536621093750000e+03,9.204117655754089355e-01,1.219957582357142655e+03,6.747562771885636721e+02,1.758682848640607972e+02,3.971813509981366224e+02,0.000000000000000000e+00,4.000000000000000000e+00,1.000000000000000000e+00
2.231700000000000000e+04,1.020000000000000000e+02,3.120000000000000000e+03,2.840000000000000000e+02,1.371436889648437500e+03,7.251648559570312500e+02,5.240269303321838379e-01,1.314395996093750000e+03,7.175593872070312500e+02,2.476694732904434204e-01,1.367634155273437500e+03,7.213621215820312500e+02,6.116663217544555664e-01,1.322001464843750000e+03,7.137566528320312500e+02,7.874588370323181152e-01,1.360028686523437500e+03,7.213621215820312500e+02,7.982286810874938965e-01,1.295382446289062500e+03,7.517838745117187500e+02,9.243365526199340820e-01,1.363831420898437500e+03,7.555866088867187500e+02,8.551996946334838867e-01,1.272566040039062500e+03,8.088247680664062500e+02,7.745269536972045898e-01,1.401858642578125000e+03,7.936138916015625000e+02,9.176562428474426270e-01,1.264960571289062500e+03,8.582601928710937500e+02,8.226969838142395020e-01,1.394253173828125000e+03,7.555866088867187500e+02,8.786872029304504395e-01,1.299185058593750000e+03,8.810765380859375000e+02,8.583021163940429688e-01,1.348620483398437500e+03,8.810765380859375000e+02,9.072995185852050781e-01,1.283974243164062500e+03,9.685391845703125000e+02,8.059633374214172363e-01,1.352423217773437500e+03,9.647364501953125000e+02,9.039746522903442383e-01,1.249749755859375000e+03,1.033185546875000000e+03,8.287081122398376465e-01,1.352423217773437500e+03,1.033185546875000000e+03,8.633335828781127930e-01,1.348620483398437500e+03,6.909403076171875000e+02,9.673227071762084961e-01,1.337212402343750000e+03,7.327702636718750000e+02,9.240171909332275391e-01,1.325804199218750000e+03,8.772738037109375000e+02,9.162415266036987305e-01,1.257355102539062500e+03,1.063607299804687500e+03,6.705731153488159180e-01,1.375239624023437500e+03,1.040790893554687500e+03,8.888107538223266602e-01,1.223130615234375000e+03,1.040790893554687500e+03,4.859427511692047119e-01,1.379042358398437500e+03,1.044593627929687500e+03,9.367642998695373535e-01,1.238341552734375000e+03,1.048396362304687500e+03,7.096734642982482910e-01,1.344817749023437500e+03,1.052199096679687500e+03,9.087786078453063965e-01,1.230428405723150263e+03,6.790194358279078415e+02,1.775494964072458970e+02,3.917767595194485466e+02,0.000000000000000000e+00,4.000000000000000000e+00,1.000000000000000000e+00
2.231800000000000000e+04,1.020000000000000000e+02,3.120000000000000000e+03,2.850000000000000000e+02,1.383010375976562500e+03,7.257127075195312500e+02,5.695033073425292969e-01,1.386990600585937500e+03,7.217323608398437500e+02,2.632259428501129150e-01,1.383010375976562500e+03,7.177520751953125000e+02,7.039207220077514648e-01,1.331266601562500000e+03,7.097915039062500000e+02,7.701705098152160645e-01,1.375049804687500000e+03,7.177520751953125000e+02,8.873044848442077637e-01,1.303404541015625000e+03,7.535747070312500000e+02,8.907325267791748047e-01,1.375049804687500000e+03,7.535747070312500000e+02,9.278664588928222656e-01,1.283503051757812500e+03,8.092987670898437500e+02,8.367959260940551758e-01,1.414852661132812500e+03,7.933776245117187500e+02,9.865238070487976074e-01,1.279522827148437500e+03,8.610425415039062500e+02,8.381170034408569336e-01,1.398931518554687500e+03,7.535747070312500000e+02,8.726521730422973633e-01,1.311365112304687500e+03,8.849243164062500000e+02,9.079247713088989258e-01,1.359128662109375000e+03,8.849243164062500000e+02,9.084594249725341797e-01,1.307384887695312500e+03,9.685104370117187500e+02,8.534371256828308105e-01,1.359128662109375000e+03,9.645301513671875000e+02,9.452085494995117188e-01,1.255641113281250000e+03,1.036175415039062500e+03,7.920181155204772949e-01,1.355148315429687500e+03,1.032195068359375000e+03,8.754597306251525879e-01,1.359128662109375000e+03,6.819295043945312500e+02,8.823553919792175293e-01,1.347187744140625000e+03,7.296929931640625000e+02,9.452188014984130859e-01,1.335246826171875000e+03,8.809440307617187500e+02,9.027374982833862305e-01,1.263601684570312500e+03,1.064037353515625000e+03,7.578022480010986328e-01,1.375049804687500000e+03,1.036175415039062500e+03,8.726506233215332031e-01,1.259621337890625000e+03,1.060057128906250000e+03,7.420848608016967773e-01,1.375049804687500000e+03,1.044135986328125000e+03,8.945642113685607910e-01,1.243700195312500000e+03,1.040155639648437500e+03,7.346580028533935547e-01,1.347187744140625000e+03,1.048116210937500000e+03,9.453729987144470215e-01,1.234392580396297035e+03,6.689397628298286236e+02,1.842331653819819621e+02,4.019067586310195566e+02,0.000000000000000000e+00,4.000000000000000000e+00,1.000000000000000000e+00
2.231900000000000000e+04,1.020000000000000000e+02,3.120000000000000000e+03,2.860000000000000000e+02,1.396733398437500000e+03,7.209952392578125000e+02,6.320497989654541016e-01,1.396733398437500000e+03,7.128509521484375000e+02,3.528940677642822266e-01,1.392661254882812500e+03,7.128509521484375000e+02,7.503885030746459961e-01,1.343795532226562500e+03,7.128509521484375000e+02,7.596449255943298340e-01,1.384516967773437500e+03,7.169230957031250000e+02,8.927691578865051270e-01,1.315290405273437500e+03,7.535724487304687500e+02,9.261831045150756836e-01,1.388589111328125000e+03,7.535724487304687500e+02,9.155714511871337891e-01,1.290857543945312500e+03,8.105825195312500000e+02,7.780296802520751953e-01,1.421166259765625000e+03,7.902217407226562500e+02,9.362301826477050781e-01,1.286785400390625000e+03,8.594483032226562500e+02,8.304208517074584961e-01,1.413021972656250000e+03,7.535724487304687500e+02,8.985221982002258301e-01,1.323434692382812500e+03,8.798090209960937500e+02,9.177277088165283203e-01,1.368228393554687500e+03,8.798090209960937500e+02,9.089258313179016113e-01,1.319362548828125000e+03,9.653241577148437500e+02,7.534113526344299316e-01,1.360084106445312500e+03,9.612520141601562500e+02,9.632753729820251465e-01,1.270496826171875000e+03,1.034550659179687500e+03,6.135676503181457520e-01,1.360084106445312500e+03,1.034550659179687500e+03,8.246237635612487793e-01,1.372300537109375000e+03,6.843458862304687500e+02,8.636112213134765625e-01,1.360084106445312500e+03,7.291395263671875000e+02,9.103358387947082520e-01,1.347867675781250000e+03,8.757368774414062500e+02,9.167899489402770996e-01,1.388589111328125000e+03,1.046767089843750000e+03,5.872827172279357910e-01,1.270496826171875000e+03,1.063055664062500000e+03,9.140548706054687500e-01,1.380444824218750000e+03,1.042694946289062500e+03,4.990645051002502441e-01,1.270496826171875000e+03,1.058983520507812500e+03,9.410622715950012207e-01,1.347867675781250000e+03,1.050839233398437500e+03,6.606956124305725098e-01,1.258280395507812500e+03,1.026406372070312500e+03,6.810483336448669434e-01,1.241833932313618334e+03,6.638251428232970284e+02,1.905222851450560029e+02,4.118442261107645663e+02,0.000000000000000000e+00,4.000000000000000000e+00,1.000000000000000000e+00
2.232000000000000000e+04,1.020000000000000000e+02,3.120000000000000000e+03,2.870000000000000000e+02,1.403116455078125000e+03,7.174307861328125000e+02,5.468126535415649414e-01,1.351164428710937500e+03,7.054418334960937500e+02,2.506057024002075195e-01,1.403116455078125000e+03,7.094381713867187500e+02,7.029578685760498047e-01,1.351164428710937500e+03,7.054418334960937500e+02,8.912838101387023926e-01,1.395123901367187500e+03,7.094381713867187500e+02,8.718532323837280273e-01,1.327186523437500000e+03,7.494013061523437500e+02,9.232072234153747559e-01,1.391127563476562500e+03,7.494013061523437500e+02,8.917359113693237305e-01,1.303208740234375000e+03,8.093459472656250000e+02,8.173377513885498047e-01,1.431090698242187500e+03,7.893644409179687500e+02,9.525765180587768555e-01,1.299212402343750000e+03,8.612980346679687500e+02,8.277616500854492188e-01,1.427094360351562500e+03,7.494013061523437500e+02,8.902100920677185059e-01,1.331182861328125000e+03,8.772832641601562500e+02,9.148051738739013672e-01,1.379138671875000000e+03,8.772832641601562500e+02,9.299193024635314941e-01,1.335179199218750000e+03,9.612058715820312500e+02,8.140136599540710449e-01,1.367149658203125000e+03,9.612058715820312500e+02,9.599108099937438965e-01,1.287223388671875000e+03,1.029143188476562500e+03,3.768464922904968262e-01,1.363153320312500000e+03,1.033139526367187500e+03,6.868663430213928223e-01,1.383134887695312500e+03,6.814639892578125000e+02,9.758887887001037598e-01,1.367149658203125000e+03,7.254234008789062500e+02,9.424058198928833008e-01,1.355160766601562500e+03,8.732869873046875000e+02,9.561831355094909668e-01,1.383134887695312500e+03,1.049124755859375000e+03,8.937847614288330078e-01,1.295216064453125000e+03,1.061113647460937500e+03,9.062854051589965820e-01,1.383134887695312500e+03,1.045128417968750000e+03,8.136396408081054688e-01,1.295216064453125000e+03,1.061113647460937500e+03,9.449127316474914551e-01,1.355160766601562500e+03,1.049124755859375000e+03,8.743129372596740723e-01,1.275234497070312500e+03,1.021150512695312500e+03,8.342214226722717285e-01,1.256158334992722985e+03,6.655042075409454583e+02,1.895173641027208760e+02,4.105410086528653437e+02,0.000000000000000000e+00,4.000000000000000000e+00,1.000000000000000000e+00
2.232100000000000000e+04,1.020000000000000000e+02,3.120000000000000000e+03,2.880000000000000000e+02,1.411616821289062500e+03,7.188239746093750000e+02,4.354712963104248047e-01,1.355132934570312500e+03,6.986511230468750000e+02,2.933275997638702393e-01,1.411616821289062500e+03,7.107548217773437500e+02,6.307013630867004395e-01,1.359167480468750000e+03,7.026857299804687500e+02,8.632532954216003418e-01,1.403547729492187500e+03,7.067202758789062500e+02,8.646499514579772949e-01,1.334960083007812500e+03,7.470658569335937500e+02,8.932888507843017578e-01,1.403547729492187500e+03,7.470658569335937500e+02,8.522048592567443848e-01,1.306718261718750000e+03,8.116188354492187500e+02,7.185131907463073730e-01,1.435824218750000000e+03,7.874114990234375000e+02,9.337249398231506348e-01,1.310752807617187500e+03,8.559990234375000000e+02,7.902848720550537109e-01,1.431789550781250000e+03,7.551350097656250000e+02,7.193971276283264160e-01,1.343029296875000000e+03,8.681027221679687500e+02,9.056734442710876465e-01,1.387409423828125000e+03,8.681027221679687500e+02,9.076242446899414062e-01,1.347063842773437500e+03,9.487939453125000000e+02,8.431009650230407715e-01,1.371271240234375000e+03,9.528284912109375000e+02,9.273068308830261230e-01,1.363202026367187500e+03,1.033519775390625000e+03,8.127235770225524902e-01,1.322856445312500000e+03,1.017381469726562500e+03,7.055890560150146484e-01,1.387409423828125000e+03,6.784783325195312500e+02,9.536265730857849121e-01,1.375305786132812500e+03,7.228585205078125000e+02,9.285381436347961426e-01,1.363202026367187500e+03,8.640681762695312500e+02,9.319411516189575195e-01,1.383374877929687500e+03,1.049657958984375000e+03,8.988044857978820801e-01,1.314787353515625000e+03,1.057727050781250000e+03,7.178161144256591797e-01,1.371271240234375000e+03,1.045623413085937500e+03,7.122981548309326172e-01,1.322856445312500000e+03,1.057727050781250000e+03,8.618181347846984863e-01,1.359167480468750000e+03,1.045623413085937500e+03,8.248797059059143066e-01,1.310752807617187500e+03,1.017381469726562500e+03,7.982220053672790527e-01,1.271927136172689416e+03,6.641145083358130705e+02,1.889927630969207257e+02,4.125669806211724335e+02,0.000000000000000000e+00,4.000000000000000000e+00,1.000000000000000000e+00
2.232200000000000000e+04,1.020000000000000000e+02,3.120000000000000000e+03,2.890000000000000000e+02,1.419112426757812500e+03,7.164865722656250000e+02,3.696796894073486328e-01,1.366217285156250000e+03,7.002111206054687500e+02,3.834106922149658203e-01,1.419112426757812500e+03,7.042800292968750000e+02,5.694184899330139160e-01,1.366217285156250000e+03,7.002111206054687500e+02,8.644374012947082520e-01,1.410974731445312500e+03,7.042800292968750000e+02,8.517456650733947754e-01,1.345872924804687500e+03,7.408997192382812500e+02,9.259443283081054688e-01,1.415043579101562500e+03,7.449686279296875000e+02,8.633366823196411133e-01,1.321459838867187500e+03,7.978637695312500000e+02,8.027474880218505859e-01,1.443525634765625000e+03,7.897260742187500000e+02,9.209582805633544922e-01,1.317390869140625000e+03,8.507589721679687500e+02,7.955267429351806641e-01,1.435387939453125000e+03,7.571751708984375000e+02,7.288563251495361328e-01,1.349941772460937500e+03,8.588966674804687500e+02,8.509546518325805664e-01,1.398768188476562500e+03,8.588966674804687500e+02,8.253700733184814453e-01,1.358079589843750000e+03,9.402739257812500000e+02,8.492100238800048828e-01,1.382492675781250000e+03,9.402739257812500000e+02,8.584873080253601074e-01,1.362148437500000000e+03,1.025719970703125000e+03,7.782467603683471680e-01,1.354010620117187500e+03,1.017582275390625000e+03,7.972939610481262207e-01,1.394699218750000000e+03,6.757979736328125000e+02,9.246785640716552734e-01,1.386561523437500000e+03,7.205554199218750000e+02,9.402113556861877441e-01,1.374354980468750000e+03,8.548278198242187500e+02,8.646510839462280273e-01,1.386561523437500000e+03,1.046064331054687500e+03,8.279901146888732910e-01,1.362148437500000000e+03,1.046064331054687500e+03,6.266877651214599609e-01,1.382492675781250000e+03,1.041995361328125000e+03,8.025845289230346680e-01,1.366217285156250000e+03,1.050133178710937500e+03,6.925432085990905762e-01,1.366217285156250000e+03,1.046064331054687500e+03,7.816268801689147949e-01,1.337735229492187500e+03,1.021651123046875000e+03,7.157218456268310547e-01,1.282477062798098132e+03,6.617541680122378693e+02,1.882742237340189604e+02,4.156092448037152280e+02,0.000000000000000000e+00,4.000000000000000000e+00,1.000000000000000000e+00
2.232300000000000000e+04,1.020000000000000000e+02,3.120000000000000000e+03,2.900000000000000000e+02,1.429565429687500000e+03,7.164963378906250000e+02,4.256606101989746094e-01,1.373692749023437500e+03,6.965417480468750000e+02,3.319051861763000488e-01,1.429565429687500000e+03,7.045235595703125000e+02,6.234829425811767578e-01,1.377683593750000000e+03,7.005327148437500000e+02,8.515664935111999512e-01,1.421583618164062500e+03,7.045235595703125000e+02,8.463188409805297852e-01,1.353738159179687500e+03,7.404417724609375000e+02,9.259562492370605469e-01,1.425574462890625000e+03,7.444326171875000000e+02,8.608410358428955078e-01,1.321810913085937500e+03,8.202598876953125000e+02,7.060753703117370605e-01,1.457501708984375000e+03,7.883326416015625000e+02,8.827511668205261230e-01,1.333783691406250000e+03,8.561779785156250000e+02,8.713845014572143555e-01,1.445529052734375000e+03,7.484235839843750000e+02,6.508374810218811035e-01,1.361719970703125000e+03,8.761325683593750000e+02,9.112330079078674316e-01,1.405619995117187500e+03,8.761325683593750000e+02,8.614014387130737305e-01,1.365710937500000000e+03,9.639324951171875000e+02,8.598665595054626465e-01,1.389656372070312500e+03,9.639324951171875000e+02,9.081000685691833496e-01,1.369701782226562500e+03,1.035768798828125000e+03,8.716782927513122559e-01,1.365710937500000000e+03,1.035768798828125000e+03,9.151362180709838867e-01,1.409610839843750000e+03,6.725963134765625000e+02,9.307379126548767090e-01,1.393647216796875000e+03,7.204871826171875000e+02,9.414262771606445312e-01,1.381674560546875000e+03,8.721416015625000000e+02,9.117232561111450195e-01,1.393647216796875000e+03,1.047741455078125000e+03,8.331078290939331055e-01,1.377683593750000000e+03,1.051732421875000000e+03,7.455199956893920898e-01,1.385665405273437500e+03,1.047741455078125000e+03,7.632369995117187500e-01,1.381674560546875000e+03,1.051732421875000000e+03,8.122061491012573242e-01,1.365710937500000000e+03,1.047741455078125000e+03,8.034930825233459473e-01,1.349747314453125000e+03,1.051732421875000000e+03,9.071991443634033203e-01,1.295462140107191090e+03,6.615837801665138613e+02,1.840748099110087423e+02,4.114796956949585365e+02,0.000000000000000000e+00,4.000000000000000000e+00,1.000000000000000000e+00
2.232400000000000000e+04,1.020000000000000000e+02,3.122000000000000000e+03,2.910000000000000000e+02,1.443314086914062500e+03,7.173977050781250000e+02,6.560510396957397461e-01,1.386702026367187500e+03,6.971790771484375000e+02,3.122764527797698975e-01,1.443314086914062500e+03,7.052665405273437500e+02,7.225945591926574707e-01,1.386702026367187500e+03,6.971790771484375000e+02,8.535450100898742676e-01,1.435226684570312500e+03,7.093102416992187500e+02,8.310881853103637695e-01,1.362439697265625000e+03,7.416600341796875000e+02,9.406008124351501465e-01,1.435226684570312500e+03,7.457037353515625000e+02,8.980851769447326660e-01,1.330089843750000000e+03,8.225344238281250000e+02,7.558818459510803223e-01,1.463532714843750000e+03,7.861409912109375000e+02,8.362694978713989258e-01,1.350308471679687500e+03,8.548842163085937500e+02,8.510389328002929688e-01,1.455445190429687500e+03,7.416600341796875000e+02,7.863652110099792480e-01,1.370527099609375000e+03,8.751028442382812500e+02,9.096549749374389648e-01,1.419051757812500000e+03,8.751028442382812500e+02,8.479432463645935059e-01,1.374570800781250000e+03,9.559772949218750000e+02,8.964224457740783691e-01,1.423095458984375000e+03,9.519335327148437500e+02,8.781737089157104492e-01,1.362439697265625000e+03,1.028764282226562500e+03,8.491240739822387695e-01,1.398833129882812500e+03,1.028764282226562500e+03,9.351636767387390137e-01,1.419051757812500000e+03,6.729167480468750000e+02,9.685025811195373535e-01,1.406920532226562500e+03,7.173977050781250000e+02,9.563422203063964844e-01,1.394789428710937500e+03,8.710590820312500000e+02,9.059098958969116211e-01,1.378614501953125000e+03,1.036851684570312500e+03,9.460248351097106934e-01,1.423095458984375000e+03,1.044939086914062500e+03,8.273606300354003906e-01,1.374570800781250000e+03,1.040895385742187500e+03,7.173979878425598145e-01,1.419051757812500000e+03,1.048982910156250000e+03,8.963351249694824219e-01,1.358395874023437500e+03,1.044939086914062500e+03,8.360420465469360352e-01,1.394789428710937500e+03,1.040895385742187500e+03,8.246066570281982422e-01,1.305875211680184520e+03,6.589894795127258931e+02,1.827516152465045707e+02,4.134272091290556546e+02,0.000000000000000000e+00,4.000000000000000000e+00,1.000000000000000000e+00
2.232500000000000000e+04,1.020000000000000000e+02,3.109000000000000000e+03,2.920000000000000000e+02,1.451202514648437500e+03,7.162671508789062500e+02,6.270673274993896484e-01,1.455187377929687500e+03,7.043124389648437500e+02,3.320707976818084717e-01,1.451202514648437500e+03,7.043124389648437500e+02,7.308952808380126953e-01,1.399398925781250000e+03,7.003275756835937500e+02,8.555652499198913574e-01,1.443232666015625000e+03,7.043124389648437500e+02,8.229396939277648926e-01,1.371504638671875000e+03,7.401765136718750000e+02,9.253446459770202637e-01,1.439247802734375000e+03,7.401765136718750000e+02,8.689265251159667969e-01,1.339625488281250000e+03,8.198743286132812500e+02,7.269591093063354492e-01,1.471126953125000000e+03,7.840103149414062500e+02,8.940030336380004883e-01,1.359549926757812500e+03,8.517534179687500000e+02,8.164262175559997559e-01,1.467142089843750000e+03,7.401765136718750000e+02,8.932198882102966309e-01,1.379474487304687500e+03,8.676929931640625000e+02,8.717300295829772949e-01,1.427293090820312500e+03,8.676929931640625000e+02,8.677086830139160156e-01,1.379474487304687500e+03,9.513757324218750000e+02,8.648295998573303223e-01,1.439247802734375000e+03,9.473908081054687500e+02,8.971959948539733887e-01,1.367519775390625000e+03,1.031073608398437500e+03,9.188868403434753418e-01,1.427293090820312500e+03,1.031073608398437500e+03,9.022659063339233398e-01,1.431277954101562500e+03,6.724333496093750000e+02,9.452711939811706543e-01,1.415338500976562500e+03,7.202520141601562500e+02,9.226998090744018555e-01,1.403383789062500000e+03,8.637081298828125000e+02,9.454312324523925781e-01,1.391429077148437500e+03,1.047013061523437500e+03,1.022096872329711914e+00,1.455187377929687500e+03,1.047013061523437500e+03,8.939042687416076660e-01,1.391429077148437500e+03,1.047013061523437500e+03,8.714068531990051270e-01,1.455187377929687500e+03,1.050998046875000000e+03,9.176389575004577637e-01,1.359549926757812500e+03,1.047013061523437500e+03,9.050094485282897949e-01,1.419323364257812500e+03,1.043028198242187500e+03,9.376164674758911133e-01,1.316304447318254006e+03,6.604869497131994649e+02,1.797758411649260779e+02,4.101656176079288798e+02,0.000000000000000000e+00,4.000000000000000000e+00,1.000000000000000000e+00
2.232600000000000000e+04,1.020000000000000000e+02,3.109000000000000000e+03,2.930000000000000000e+02,1.462729370117187500e+03,7.202595214843750000e+02,5.715114474296569824e-01,1.462729370117187500e+03,7.081965332031250000e+02,2.959954440593719482e-01,1.462729370117187500e+03,7.122175292968750000e+02,6.879919767379760742e-01,1.410456298828125000e+03,7.041754760742187500e+02,8.339460492134094238e-01,1.454687377929687500e+03,7.122175292968750000e+02,8.735240101814270020e-01,1.382309204101562500e+03,7.403645629882812500e+02,9.291968941688537598e-01,1.450666381835937500e+03,7.403645629882812500e+02,8.915408253669738770e-01,1.350141113281250000e+03,8.207847290039062500e+02,7.071846723556518555e-01,1.482834472656250000e+03,7.845957031250000000e+02,9.841266870498657227e-01,1.370246215820312500e+03,8.489318237304687500e+02,8.747912645339965820e-01,1.474792358398437500e+03,7.403645629882812500e+02,9.573358893394470215e-01,1.386330200195312500e+03,8.690368652343750000e+02,8.648670911788940430e-01,1.438603271484375000e+03,8.690368652343750000e+02,8.857473134994506836e-01,1.378288208007812500e+03,9.534780273437500000e+02,9.198148846626281738e-01,1.454687377929687500e+03,9.534780273437500000e+02,9.427592754364013672e-01,1.370246215820312500e+03,1.033898193359375000e+03,9.106345772743225098e-01,1.458708374023437500e+03,1.033898193359375000e+03,8.419411182403564453e-01,1.442624267578125000e+03,6.760284423828125000e+02,9.123266339302062988e-01,1.426540283203125000e+03,7.202595214843750000e+02,9.050613641738891602e-01,1.414477294921875000e+03,8.650158691406250000e+02,8.807919025421142578e-01,1.398393188476562500e+03,1.049982299804687500e+03,8.974033594131469727e-01,1.486855468750000000e+03,1.041940185546875000e+03,9.133543968200683594e-01,1.390351196289062500e+03,1.049982299804687500e+03,8.972265720367431641e-01,1.486855468750000000e+03,1.045961303710937500e+03,9.961656928062438965e-01,1.362204101562500000e+03,1.054003295898437500e+03,9.096428751945495605e-01,1.446645385742187500e+03,1.049982299804687500e+03,9.656642675399780273e-01,1.331716994634933144e+03,6.634018718269531973e+02,1.802177206811190899e+02,4.113416347876819827e+02,0.000000000000000000e+00,4.000000000000000000e+00,1.000000000000000000e+00
2.232700000000000000e+04,1.020000000000000000e+02,3.120000000000000000e+03,2.940000000000000000e+02,1.472480834960937500e+03,7.202067260742187500e+02,7.315168976783752441e-01,1.476569580078125000e+03,7.079402465820312500e+02,4.214433431625366211e-01,1.472480834960937500e+03,7.120290527343750000e+02,8.279072642326354980e-01,1.427503662109375000e+03,6.997625732421875000e+02,8.634057044982910156e-01,1.464303100585937500e+03,7.079402465820312500e+02,8.510528206825256348e-01,1.394793090820312500e+03,7.406508789062500000e+02,8.936833739280700684e-01,1.464303100585937500e+03,7.447396850585937500e+02,8.563795089721679688e-01,1.362082397460937500e+03,8.142497558593750000e+02,7.136426568031311035e-01,1.492924926757812500e+03,7.856279907226562500e+02,9.501503109931945801e-01,1.374348876953125000e+03,8.510492553710937500e+02,8.540452718734741211e-01,1.484747314453125000e+03,7.488284912109375000e+02,8.399593234062194824e-01,1.402970703125000000e+03,8.592269287109375000e+02,8.150988817214965820e-01,1.452036621093750000e+03,8.551380615234375000e+02,7.942513227462768555e-01,1.386615356445312500e+03,9.450922851562500000e+02,8.884440660476684570e-01,1.468391967773437500e+03,9.369146728515625000e+02,8.884690403938293457e-01,1.370260131835937500e+03,1.035046508789062500e+03,9.243818521499633789e-01,1.480658447265625000e+03,1.022780090332031250e+03,9.380686283111572266e-01,1.456125488281250000e+03,6.752296142578125000e+02,9.786779880523681641e-01,1.439770141601562500e+03,7.202067260742187500e+02,9.273229837417602539e-01,1.427503662109375000e+03,8.551380615234375000e+02,8.941935896873474121e-01,1.398881835937500000e+03,1.051401855468750000e+03,9.346695542335510254e-01,1.505191406250000000e+03,1.026868896484375000e+03,9.282504916191101074e-01,1.394793090820312500e+03,1.047312988281250000e+03,8.808834552764892578e-01,1.509280273437500000e+03,1.035046508789062500e+03,9.448077082633972168e-01,1.366171264648437500e+03,1.051401855468750000e+03,8.961843848228454590e-01,1.476569580078125000e+03,1.039135375976562500e+03,9.629555344581604004e-01,1.339189530923635630e+03,6.611668312191948189e+02,1.828957832109649644e+02,4.163519279012944025e+02,0.000000000000000000e+00,4.000000000000000000e+00,1.000000000000000000e+00
2.232800000000000000e+04,1.020000000000000000e+02,3.120000000000000000e+03,2.950000000000000000e+02,1.484377563476562500e+03,7.206837158203125000e+02,7.141601443290710449e-01,1.488353149414062500e+03,7.047812500000000000e+02,4.370852708816528320e-01,1.484377563476562500e+03,7.087568969726562500e+02,7.934664487838745117e-01,1.428719116210937500e+03,7.047812500000000000e+02,8.738605380058288574e-01,1.476426391601562500e+03,7.127324829101562500e+02,7.922638058662414551e-01,1.404865478515625000e+03,7.485129394531250000e+02,9.284105300903320312e-01,1.476426391601562500e+03,7.485129394531250000e+02,8.790038824081420898e-01,1.377036132812500000e+03,8.081470336914062500e+02,7.874284386634826660e-01,1.504255615234375000e+03,7.882690429687500000e+02,9.279021024703979492e-01,1.381011840820312500e+03,8.518787231445312500e+02,8.525969982147216797e-01,1.496304321289062500e+03,7.445373535156250000e+02,9.520262479782104492e-01,1.408841064453125000e+03,8.638055419921875000e+02,8.632333278656005859e-01,1.460523925781250000e+03,8.638055419921875000e+02,8.358327150344848633e-01,1.392938598632812500e+03,9.472932739257812500e+02,9.265500903129577637e-01,1.480401977539062500e+03,9.393420410156250000e+02,8.821212053298950195e-01,1.377036132812500000e+03,1.034756591796875000e+03,9.440894722938537598e-01,1.496304321289062500e+03,1.018854187011718750e+03,8.880133032798767090e-01,1.460523925781250000e+03,6.729764404296875000e+02,9.688772559165954590e-01,1.448597045898437500e+03,7.246593017578125000e+02,9.422484040260314941e-01,1.436670288085937500e+03,8.598299560546875000e+02,9.317618608474731445e-01,1.404865478515625000e+03,1.050659057617187500e+03,9.718649983406066895e-01,1.528109252929687500e+03,1.014878540039062500e+03,9.669637084007263184e-01,1.400889770507812500e+03,1.050659057617187500e+03,8.976129889488220215e-01,1.532084838867187500e+03,1.022829772949218750e+03,9.057629704475402832e-01,1.365109375000000000e+03,1.046683471679687500e+03,9.350559711456298828e-01,1.492328735351562500e+03,1.034756591796875000e+03,9.203103184700012207e-01,1.348807595543495154e+03,6.617383448176520915e+02,1.815340625015339810e+02,4.106039013735409071e+02,0.000000000000000000e+00,4.000000000000000000e+00,1.000000000000000000e+00
2.232900000000000000e+04,1.020000000000000000e+02,3.118000000000000000e+03,2.960000000000000000e+02,1.493160156250000000e+03,7.189727172851562500e+02,5.130600333213806152e-01,1.437540283203125000e+03,7.030813598632812500e+02,4.253795444965362549e-01,1.493160156250000000e+03,7.110270385742187500e+02,6.889888048171997070e-01,1.441513061523437500e+03,7.070541992187500000e+02,8.441810607910156250e-01,1.489187255859375000e+03,7.110270385742187500e+02,7.950913310050964355e-01,1.421648803710937500e+03,7.467826538085937500e+02,9.401227831840515137e-01,1.485214477539062500e+03,7.507555541992187500e+02,8.702902197837829590e-01,1.397811767578125000e+03,8.024025878906250000e+02,8.786578774452209473e-01,1.516997192382812500e+03,7.904840087890625000e+02,9.343703985214233398e-01,1.385893188476562500e+03,8.461039428710937500e+02,8.820554018020629883e-01,1.505078735351562500e+03,7.507555541992187500e+02,9.296751618385314941e-01,1.421648803710937500e+03,8.580224609375000000e+02,8.677590489387512207e-01,1.473295898437500000e+03,8.619953002929687500e+02,8.645324707031250000e-01,1.397811767578125000e+03,9.454251708984375000e+02,8.870772719383239746e-01,1.489187255859375000e+03,9.335065917968750000e+02,8.739534020423889160e-01,1.377947509765625000e+03,1.032827880859375000e+03,9.053683280944824219e-01,1.505078735351562500e+03,1.016936462402343750e+03,8.900777697563171387e-01,1.469322998046875000e+03,6.752713623046875000e+02,9.304801821708679199e-01,1.461377319335937500e+03,7.229455566406250000e+02,9.583268165588378906e-01,1.445485961914062500e+03,8.580224609375000000e+02,8.954560756683349609e-01,1.409730346679687500e+03,1.048719238281250000e+03,9.867489933967590332e-01,1.540834350585937500e+03,1.020909301757812500e+03,9.102445244789123535e-01,1.401784545898437500e+03,1.048719238281250000e+03,8.633682727813720703e-01,1.540834350585937500e+03,1.028854980468750000e+03,8.875530958175659180e-01,1.370001831054687500e+03,1.048719238281250000e+03,9.193729758262634277e-01,1.505078735351562500e+03,1.036800659179687500e+03,8.903270363807678223e-01,1.354850125436295912e+03,6.635010431101707127e+02,1.817344953805932164e+02,4.081745617255185152e+02,0.000000000000000000e+00,4.000000000000000000e+00,1.000000000000000000e+00
2.233000000000000000e+04,1.020000000000000000e+02,3.118000000000000000e+03,2.970000000000000000e+02,1.503853759765625000e+03,7.256881103515625000e+02,4.908888339996337891e-01,1.444526611328125000e+03,7.098675537109375000e+02,3.758144378662109375e-01,1.499898681640625000e+03,7.138226928710937500e+02,6.030180454254150391e-01,1.452436889648437500e+03,7.098675537109375000e+02,8.083746433258056641e-01,1.495943481445312500e+03,7.177778320312500000e+02,8.063387274742126465e-01,1.428705932617187500e+03,7.494190063476562500e+02,9.158876538276672363e-01,1.495943481445312500e+03,7.533741455078125000e+02,8.719792366027832031e-01,1.401020019531250000e+03,8.087462158203125000e+02,7.397265434265136719e-01,1.527584716796875000e+03,7.889704589843750000e+02,9.036002159118652344e-01,1.393109619140625000e+03,8.522528076171875000e+02,8.509149551391601562e-01,1.511764038085937500e+03,7.533741455078125000e+02,8.826968073844909668e-01,1.428705932617187500e+03,8.641182250976562500e+02,8.547044396400451660e-01,1.480122924804687500e+03,8.680734252929687500e+02,8.434742689132690430e-01,1.404975097656250000e+03,9.432211914062500000e+02,9.108926653861999512e-01,1.499898681640625000e+03,9.432211914062500000e+02,8.322077393531799316e-01,1.385199340820312500e+03,1.030234375000000000e+03,9.426684379577636719e-01,1.515719238281250000e+03,1.022324096679687500e+03,9.001829624176025391e-01,1.480122924804687500e+03,6.782263793945312500e+02,9.104768037796020508e-01,1.468257446289062500e+03,7.296432495117187500e+02,9.166567325592041016e-01,1.452436889648437500e+03,8.641182250976562500e+02,9.122955203056335449e-01,1.404975097656250000e+03,1.046055053710937500e+03,8.369653820991516113e-01,1.547360351562500000e+03,1.026279296875000000e+03,8.608306050300598145e-01,1.397064819335937500e+03,1.046055053710937500e+03,6.604132056236267090e-01,1.551315551757812500e+03,1.034189575195312500e+03,8.594248890876770020e-01,1.377289062500000000e+03,1.046055053710937500e+03,8.376298546791076660e-01,1.511764038085937500e+03,1.038144653320312500e+03,9.494935274124145508e-01,1.358725175662568745e+03,6.635399326865660896e+02,1.817919762483554678e+02,4.060562320220253696e+02,0.000000000000000000e+00,4.000000000000000000e+00,1.000000000000000000e+00
2.233100000000000000e+04,1.020000000000000000e+02,3.121000000000000000e+03,2.980000000000000000e+02,1.511560058593750000e+03,7.276224975585937500e+02,4.787033796310424805e-01,1.456822631835937500e+03,7.080734252929687500e+02,4.196423888206481934e-01,1.511560058593750000e+03,7.158930664062500000e+02,5.954765081405639648e-01,1.460732421875000000e+03,7.080734252929687500e+02,8.653869032859802246e-01,1.503740478515625000e+03,7.158930664062500000e+02,7.440948486328125000e-01,1.441183349609375000e+03,7.471716308593750000e+02,9.060470461845397949e-01,1.495920776367187500e+03,7.510814208984375000e+02,8.246800899505615234e-01,1.417724365234375000e+03,8.058189697265625000e+02,8.733874559402465820e-01,1.535019042968750000e+03,7.862698364257812500e+02,9.437024593353271484e-01,1.402085083007812500e+03,8.527368774414062500e+02,8.583707809448242188e-01,1.523289550781250000e+03,7.471716308593750000e+02,8.920955061912536621e-01,1.437273437500000000e+03,8.605565185546875000e+02,8.919263482093811035e-01,1.492010986328125000e+03,8.644663085937500000e+02,8.182132840156555176e-01,1.417724365234375000e+03,9.387529296875000000e+02,8.799788355827331543e-01,1.511560058593750000e+03,9.426627807617187500e+02,8.699880242347717285e-01,1.386445800781250000e+03,1.032588745117187500e+03,8.563127517700195312e-01,1.519379760742187500e+03,1.028678833007812500e+03,8.264051675796508789e-01,1.492010986328125000e+03,6.807046508789062500e+02,9.677637219429016113e-01,1.476371704101562500e+03,7.276224975585937500e+02,9.312705993652343750e-01,1.464642211914062500e+03,8.566466674804687500e+02,8.902629017829895020e-01,1.398175292968750000e+03,1.044318237304687500e+03,7.638800144195556641e-01,1.535019042968750000e+03,1.036498535156250000e+03,7.306206226348876953e-01,1.390355590820312500e+03,1.040408325195312500e+03,7.206578254699707031e-01,1.538928833007812500e+03,1.040408325195312500e+03,8.076023459434509277e-01,1.382535888671875000e+03,1.044318237304687500e+03,8.273811936378479004e-01,1.515469970703125000e+03,1.044318237304687500e+03,8.797575235366821289e-01,1.365524051011040228e+03,6.679022367756717813e+02,1.814513002472258449e+02,4.021879147903462126e+02,0.000000000000000000e+00,4.000000000000000000e+00,1.000000000000000000e+00
2.233200000000000000e+04,1.020000000000000000e+02,3.120000000000000000e+03,2.990000000000000000e+02,1.525485473632812500e+03,7.230908813476562500e+02,5.550866127014160156e-01,1.529297851562500000e+03,7.078408813476562500e+02,3.337790668010711670e-01,1.521672973632812500e+03,7.116533813476562500e+02,6.332445144653320312e-01,1.472110595703125000e+03,7.078408813476562500e+02,8.546296954154968262e-01,1.517860473632812500e+03,7.154658813476562500e+02,7.764900326728820801e-01,1.449235595703125000e+03,7.497782592773437500e+02,9.382817149162292480e-01,1.514047973632812500e+03,7.535907592773437500e+02,9.223830699920654297e-01,1.430173217773437500e+03,8.031531372070312500e+02,8.812904357910156250e-01,1.555985351562500000e+03,7.879031982421875000e+02,8.609009981155395508e-01,1.422548217773437500e+03,8.527155151367187500e+02,8.704906702041625977e-01,1.540735351562500000e+03,7.497782592773437500e+02,7.802056670188903809e-01,1.449235595703125000e+03,8.641529541015625000e+02,9.225323796272277832e-01,1.506422973632812500e+03,8.641529541015625000e+02,8.572098612785339355e-01,1.426360717773437500e+03,9.442152709960937500e+02,8.957924246788024902e-01,1.521672973632812500e+03,9.442152709960937500e+02,8.816179633140563965e-01,1.395860717773437500e+03,1.031902587890625000e+03,8.940761089324951172e-01,1.525485473632812500e+03,1.031902587890625000e+03,8.717381358146667480e-01,1.502610473632812500e+03,6.811534423828125000e+02,9.092831015586853027e-01,1.487360473632812500e+03,7.269033203125000000e+02,9.283764362335205078e-01,1.475923095703125000e+03,8.565280151367187500e+02,9.063989520072937012e-01,1.403485717773437500e+03,1.039527465820312500e+03,7.582556605339050293e-01,1.544547851562500000e+03,1.039527465820312500e+03,8.006668090820312500e-01,1.384423339843750000e+03,1.039527465820312500e+03,7.456316947937011719e-01,1.548360351562500000e+03,1.043339965820312500e+03,8.245491385459899902e-01,1.388235839843750000e+03,1.047152465820312500e+03,8.358224034309387207e-01,1.521672973632812500e+03,1.043339965820312500e+03,9.260124564170837402e-01,1.371248178055561993e+03,6.750811384485675717e+02,1.794166446672295478e+02,3.941248285895119352e+02,0.000000000000000000e+00,4.000000000000000000e+00,1.000000000000000000e+00
2.233300000000000000e+04,1.020000000000000000e+02,3.120000000000000000e+03,3.000000000000000000e+02,1.539130615234375000e+03,7.214290771484375000e+02,5.767296552658081055e-01,1.486681274414062500e+03,7.093253784179687500e+02,2.498237490653991699e-01,1.539130615234375000e+03,7.133599853515625000e+02,6.502878069877624512e-01,1.486681274414062500e+03,7.052908325195312500e+02,8.324913978576660156e-01,1.527026855468750000e+03,7.173945312500000000e+02,8.062344789505004883e-01,1.462473876953125000e+03,7.456364746093750000e+02,9.247831106185913086e-01,1.535096069335937500e+03,7.537056274414062500e+02,9.073985815048217773e-01,1.442301025390625000e+03,8.021203613281250000e+02,9.299227595329284668e-01,1.563338012695312500e+03,7.980858154296875000e+02,9.278739690780639648e-01,1.434231933593750000e+03,8.505351562500000000e+02,8.330807685852050781e-01,1.547199707031250000e+03,7.537056274414062500e+02,9.106088280677795410e-01,1.466508422851562500e+03,8.586042480468750000e+02,9.062455296516418457e-01,1.518957763671875000e+03,8.626388549804687500e+02,8.728604316711425781e-01,1.442301025390625000e+03,9.392955322265625000e+02,8.909653425216674805e-01,1.531061401367187500e+03,9.473646850585937500e+02,8.892824053764343262e-01,1.410024536132812500e+03,1.024021362304687500e+03,8.565542101860046387e-01,1.527026855468750000e+03,1.036125122070312500e+03,9.213460683822631836e-01,1.514923217773437500e+03,6.851180419921875000e+02,9.294282793998718262e-01,1.502819458007812500e+03,7.254636840820312500e+02,9.271357059478759766e-01,1.494750366210937500e+03,8.586042480468750000e+02,9.387302994728088379e-01,1.397920898437500000e+03,1.044194213867187500e+03,8.701922297477722168e-01,1.543165161132812500e+03,1.040159667968750000e+03,8.378439545631408691e-01,1.385817138671875000e+03,1.044194213867187500e+03,9.186530709266662598e-01,1.547199707031250000e+03,1.048228759765625000e+03,7.612986564636230469e-01,1.405989990234375000e+03,1.036125122070312500e+03,7.228495478630065918e-01,1.518957763671875000e+03,1.052263305664062500e+03,9.290584921836853027e-01,1.381155708709727833e+03,6.668212643747897346e+02,1.861745519171224714e+02,4.063241089186171848e+02,0.000000000000000000e+00,4.000000000000000000e+00,1.000000000000000000e+00
2.233400000000000000e+04,1.020000000000000000e+02,3.115000000000000000e+03,3.010000000000000000e+02,1.550534912109375000e+03,7.168088378906250000e+02,5.886262059211730957e-01,1.490357543945312500e+03,7.047733764648437500e+02,3.480603992938995361e-01,1.546523193359375000e+03,7.087852172851562500e+02,7.545772790908813477e-01,1.498381225585937500e+03,7.047733764648437500e+02,8.770503997802734375e-01,1.542511352539062500e+03,7.127970581054687500e+02,8.467409014701843262e-01,1.474310302734375000e+03,7.489034423828125000e+02,9.316471219062805176e-01,1.550534912109375000e+03,7.529152832031250000e+02,8.682222366333007812e-01,1.454251098632812500e+03,8.050690307617187500e+02,8.737800121307373047e-01,1.574605957031250000e+03,7.930335693359375000e+02,9.609743952751159668e-01,1.446227539062500000e+03,8.491990966796875000e+02,8.682434558868408203e-01,1.558558593750000000e+03,7.529152832031250000e+02,7.864345312118530273e-01,1.482333984375000000e+03,8.612345581054687500e+02,8.586329817771911621e-01,1.534487670898437500e+03,8.652463989257812500e+02,8.813807368278503418e-01,1.458262939453125000e+03,9.414710693359375000e+02,8.846210837364196777e-01,1.542511352539062500e+03,9.454829101562500000e+02,9.268282055854797363e-01,1.422156494140625000e+03,1.021707580566406250e+03,7.614767551422119141e-01,1.530475830078125000e+03,1.029731201171875000e+03,9.006289243698120117e-01,1.522452148437500000e+03,6.807024536132812500e+02,9.538218975067138672e-01,1.514428588867187500e+03,7.248325195312500000e+02,9.587261080741882324e-01,1.506404907226562500e+03,8.612345581054687500e+02,9.495665431022644043e-01,1.406109252929687500e+03,1.029731201171875000e+03,7.579255104064941406e-01,1.546523193359375000e+03,1.033743041992187500e+03,8.219889402389526367e-01,1.398085571289062500e+03,1.029731201171875000e+03,8.667278289794921875e-01,1.550534912109375000e+03,1.041766723632812500e+03,7.664662003517150879e-01,1.414132934570312500e+03,1.037754882812500000e+03,6.690541505813598633e-01,1.522452148437500000e+03,1.049790405273437500e+03,9.262729287147521973e-01,1.389181792819764723e+03,6.635956515935801008e+02,1.896288736645067274e+02,4.092890342879235277e+02,0.000000000000000000e+00,4.000000000000000000e+00,1.000000000000000000e+00
2.233500000000000000e+04,1.020000000000000000e+02,3.115000000000000000e+03,3.020000000000000000e+02,1.560591186523437500e+03,7.143486328125000000e+02,5.330790281295776367e-01,1.503195434570312500e+03,7.066958618164062500e+02,3.822457790374755859e-01,1.556764770507812500e+03,7.066958618164062500e+02,6.604530811309814453e-01,1.507021850585937500e+03,7.028694458007812500e+02,8.669740557670593262e-01,1.552938476562500000e+03,7.105222167968750000e+02,8.029322028160095215e-01,1.487889892578125000e+03,7.449597167968750000e+02,9.344570040702819824e-01,1.560591186523437500e+03,7.487860717773437500e+02,8.891790509223937988e-01,1.464931518554687500e+03,8.061818847656250000e+02,7.945106029510498047e-01,1.595028686523437500e+03,8.023554687500000000e+02,9.028068184852600098e-01,1.461105224609375000e+03,8.559248657226562500e+02,8.457700610160827637e-01,1.591202270507812500e+03,7.717443847656250000e+02,8.111293315887451172e-01,1.491716308593750000e+03,8.712304077148437500e+02,9.114605188369750977e-01,1.541459228515625000e+03,8.750568237304687500e+02,8.884111642837524414e-01,1.476410766601562500e+03,9.554108886718750000e+02,8.890098333358764648e-01,1.545285644531250000e+03,9.554108886718750000e+02,9.263095855712890625e-01,1.430494140625000000e+03,1.024285888671875000e+03,8.314697146415710449e-01,1.533806518554687500e+03,1.035765014648437500e+03,9.242855906486511230e-01,1.533806518554687500e+03,6.799111328125000000e+02,9.433609843254089355e-01,1.526153686523437500e+03,7.220014038085937500e+02,9.424203634262084961e-01,1.514674560546875000e+03,8.674040527343750000e+02,9.144601225852966309e-01,1.434320434570312500e+03,1.043417724609375000e+03,8.120906352996826172e-01,1.549112060546875000e+03,1.043417724609375000e+03,8.735712766647338867e-01,1.419014892578125000e+03,1.039591430664062500e+03,8.686176538467407227e-01,1.552938476562500000e+03,1.051070556640625000e+03,8.184384107589721680e-01,1.419014892578125000e+03,1.043417724609375000e+03,8.282888531684875488e-01,1.522327392578125000e+03,1.051070556640625000e+03,1.008363008499145508e+00,1.405355831534869594e+03,6.674462037146183775e+02,1.863078140160089333e+02,3.979210274717822813e+02,0.000000000000000000e+00,4.000000000000000000e+00,1.000000000000000000e+00
2.233600000000000000e+04,1.020000000000000000e+02,3.120000000000000000e+03,3.030000000000000000e+02,1.567248901367187500e+03,7.151404418945312500e+02,3.420158624649047852e-01,1.512242675781250000e+03,7.033533325195312500e+02,3.904796242713928223e-01,1.563319946289062500e+03,7.072823486328125000e+02,5.563526749610900879e-01,1.516171630859375000e+03,7.033533325195312500e+02,8.309370875358581543e-01,1.559390869140625000e+03,7.072823486328125000e+02,8.445495963096618652e-01,1.496526489257812500e+03,7.465726318359375000e+02,9.188592433929443359e-01,1.567248901367187500e+03,7.465726318359375000e+02,8.848870396614074707e-01,1.472952392578125000e+03,8.055079956054687500e+02,8.034171462059020996e-01,1.594752075195312500e+03,7.897918701171875000e+02,8.777391314506530762e-01,1.469023315429687500e+03,8.565852661132812500e+02,8.350899815559387207e-01,1.563319946289062500e+03,7.976499023437500000e+02,8.459830284118652344e-01,1.500455566406250000e+03,8.683723754882812500e+02,8.880043029785156250e-01,1.551532836914062500e+03,8.723013916015625000e+02,9.256062507629394531e-01,1.496526489257812500e+03,9.548108520507812500e+02,9.054930806159973145e-01,1.551532836914062500e+03,9.587398681640625000e+02,9.035877585411071777e-01,1.453307250976562500e+03,1.025533325195312500e+03,8.826803565025329590e-01,1.535816772460937500e+03,1.037320312500000000e+03,8.975644707679748535e-01,1.543674804687500000e+03,6.797792358398437500e+02,9.369119405746459961e-01,1.535816772460937500e+03,7.229984741210937500e+02,9.401975274085998535e-01,1.527958740234375000e+03,8.644432983398437500e+02,9.304143786430358887e-01,1.457236328125000000e+03,1.049107421875000000e+03,8.829871416091918945e-01,1.551532836914062500e+03,1.045178466796875000e+03,8.344324231147766113e-01,1.441520141601562500e+03,1.045178466796875000e+03,8.902083039283752441e-01,1.555461914062500000e+03,1.053036499023437500e+03,8.382108807563781738e-01,1.441520141601562500e+03,1.033391357421875000e+03,8.398934602737426758e-01,1.527958740234375000e+03,1.056965454101562500e+03,9.472264051437377930e-01,1.424044451257459286e+03,6.660377133550799726e+02,1.868652267676457086e+02,4.005653066249968788e+02,0.000000000000000000e+00,4.000000000000000000e+00,1.000000000000000000e+00
2.233700000000000000e+04,1.020000000000000000e+02,3.115000000000000000e+03,3.040000000000000000e+02,1.583399414062500000e+03,7.160546875000000000e+02,4.580363631248474121e-01,1.523130737304687500e+03,7.040009765625000000e+02,4.350022971630096436e-01,1.579381591796875000e+03,7.080188598632812500e+02,6.668202280998229980e-01,1.531166503906250000e+03,6.999830322265625000e+02,8.542175292968750000e-01,1.571345703125000000e+03,7.080188598632812500e+02,8.525317311286926270e-01,1.507059082031250000e+03,7.441801147460937500e+02,9.425871372222900391e-01,1.579381591796875000e+03,7.441801147460937500e+02,9.146403670310974121e-01,1.482951538085937500e+03,8.004309692382812500e+02,8.929216861724853516e-01,1.607506958007812500e+03,7.843592529296875000e+02,9.807001948356628418e-01,1.474915771484375000e+03,8.526638793945312500e+02,8.580334782600402832e-01,1.567327758789062500e+03,7.843592529296875000e+02,5.435834527015686035e-01,1.511077026367187500e+03,8.647175903320312500e+02,9.212116599082946777e-01,1.559291992187500000e+03,8.647175903320312500e+02,9.086809754371643066e-01,1.511077026367187500e+03,9.450759277343750000e+02,9.345886707305908203e-01,1.555274047851562500e+03,9.490938720703125000e+02,9.323201179504394531e-01,1.478933593750000000e+03,1.013380493164062500e+03,8.686928749084472656e-01,1.539202392578125000e+03,1.033470092773437500e+03,9.014016985893249512e-01,1.559291992187500000e+03,6.798934326171875000e+02,8.964136838912963867e-01,1.547238159179687500e+03,7.200726318359375000e+02,9.504163265228271484e-01,1.535184448242187500e+03,8.606997070312500000e+02,9.152855277061462402e-01,1.478933593750000000e+03,1.049541748046875000e+03,8.710037469863891602e-01,1.563309936523437500e+03,1.037488037109375000e+03,7.283447980880737305e-01,1.466879882812500000e+03,1.045523803710937500e+03,8.862444162368774414e-01,1.563309936523437500e+03,1.045523803710937500e+03,7.572995424270629883e-01,1.470897827148437500e+03,1.021416320800781250e+03,7.575475573539733887e-01,1.531166503906250000e+03,1.049541748046875000e+03,8.475843667984008789e-01,1.434683108156652224e+03,6.627157870901160095e+02,1.883455335146547895e+02,4.075822488599706048e+02,0.000000000000000000e+00,4.000000000000000000e+00,1.000000000000000000e+00
2.233800000000000000e+04,1.020000000000000000e+02,3.127000000000000000e+03,3.050000000000000000e+02,1.594244140625000000e+03,7.200447387695312500e+02,5.470269918441772461e-01,1.536036987304687500e+03,7.045228271484375000e+02,3.365509510040283203e-01,1.594244140625000000e+03,7.122838134765625000e+02,7.172839045524597168e-01,1.543797973632812500e+03,7.006423339843750000e+02,8.255782723426818848e-01,1.586483276367187500e+03,7.122838134765625000e+02,8.421802520751953125e-01,1.512754028320312500e+03,7.394471435546875000e+02,9.156951904296875000e-01,1.586483276367187500e+03,7.433276367187500000e+02,9.338192939758300781e-01,1.489471191406250000e+03,7.976544189453125000e+02,8.343650698661804199e-01,1.617527099609375000e+03,7.860129394531250000e+02,9.439215660095214844e-01,1.489471191406250000e+03,8.481007080078125000e+02,8.349458575248718262e-01,1.605885620117187500e+03,7.549691162109375000e+02,7.964708209037780762e-01,1.520515014648437500e+03,8.597421264648437500e+02,9.209576845169067383e-01,1.567080810546875000e+03,8.636226196289062500e+02,8.961370587348937988e-01,1.520515014648437500e+03,9.412322998046875000e+02,9.118658900260925293e-01,1.559319824218750000e+03,9.451127929687500000e+02,9.160346984863281250e-01,1.504993041992187500e+03,1.011080993652343750e+03,8.038306832313537598e-01,1.543797973632812500e+03,1.022722412109375000e+03,8.846661448478698730e-01,1.574841796875000000e+03,6.773594360351562500e+02,9.479504227638244629e-01,1.559319824218750000e+03,7.200447387695312500e+02,8.804051876068115234e-01,1.543797973632812500e+03,8.558616333007812500e+02,9.576935768127441406e-01,1.504993041992187500e+03,1.042124877929687500e+03,9.031294584274291992e-01,1.559319824218750000e+03,1.030483398437500000e+03,6.880974769592285156e-01,1.489471191406250000e+03,1.038244384765625000e+03,8.836389183998107910e-01,1.563200317382812500e+03,1.034363891601562500e+03,7.916368246078491211e-01,1.501112548828125000e+03,1.018841918945312500e+03,7.065988183021545410e-01,1.539917480468750000e+03,1.038244384765625000e+03,8.046329021453857422e-01,1.452139113489476358e+03,6.653287216144819922e+02,1.830645299710190557e+02,4.009825572550275865e+02,0.000000000000000000e+00,4.000000000000000000e+00,1.000000000000000000e+00
2.233900000000000000e+04,1.020000000000000000e+02,3.110000000000000000e+03,3.060000000000000000e+02,1.601689208984375000e+03,7.158245849609375000e+02,5.686734914779663086e-01,1.544586181640625000e+03,7.005971069335937500e+02,3.412066102027893066e-01,1.597882446289062500e+03,7.082108154296875000e+02,7.174097299575805664e-01,1.548393066406250000e+03,7.005971069335937500e+02,8.457543253898620605e-01,1.594075561523437500e+03,7.044039306640625000e+02,8.229066133499145508e-01,1.521744995117187500e+03,7.386657714843750000e+02,9.355309009552001953e-01,1.594075561523437500e+03,7.424726562500000000e+02,9.338638186454772949e-01,1.502710693359375000e+03,7.957687988281250000e+02,9.234235286712646484e-01,1.624530517578125000e+03,7.843482055664062500e+02,8.958229422569274902e-01,1.498903808593750000e+03,8.452581176757812500e+02,8.390920162200927734e-01,1.594075561523437500e+03,7.767344970703125000e+02,7.034934163093566895e-01,1.529358764648437500e+03,8.566787109375000000e+02,9.142682552337646484e-01,1.575041137695312500e+03,8.604855957031250000e+02,9.234386682510375977e-01,1.533165649414062500e+03,9.328161010742187500e+02,9.456585049629211426e-01,1.563620605468750000e+03,9.366229858398437500e+02,8.323260545730590820e-01,1.529358764648437500e+03,1.005146667480468750e+03,9.186853766441345215e-01,1.548393066406250000e+03,1.005146667480468750e+03,8.370789885520935059e-01,1.578848022460937500e+03,6.777558593750000000e+02,9.652070403099060059e-01,1.563620605468750000e+03,7.196314086914062500e+02,9.162837862968444824e-01,1.552199951171875000e+03,8.528718872070312500e+02,9.620854854583740234e-01,1.536972534179687500e+03,1.024181030273437500e+03,7.827746272087097168e-01,1.548393066406250000e+03,1.024181030273437500e+03,8.739393353462219238e-01,1.517938110351562500e+03,1.024181030273437500e+03,8.210479617118835449e-01,1.556006835937500000e+03,1.020374145507812500e+03,8.588126897811889648e-01,1.529358764648437500e+03,1.024181030273437500e+03,8.303478360176086426e-01,1.540779296875000000e+03,1.024181030273437500e+03,7.336941957473754883e-01,1.465774996838724292e+03,6.667434476716292693e+02,1.772332374605143741e+02,3.934289315210056657e+02,0.000000000000000000e+00,4.000000000000000000e+00,1.000000000000000000e+00
2.234000000000000000e+04,1.020000000000000000e+02,3.120000000000000000e+03,3.070000000000000000e+02,1.612734375000000000e+03,7.180692749023437500e+02,6.243193745613098145e-01,1.612734375000000000e+03,7.064375000000000000e+02,2.964283227920532227e-01,1.608857055664062500e+03,7.064375000000000000e+02,6.985515356063842773e-01,1.558452758789062500e+03,7.025602416992187500e+02,8.406679034233093262e-01,1.601102539062500000e+03,7.064375000000000000e+02,8.178034424781799316e-01,1.531312011718750000e+03,7.374555053710937500e+02,9.122979640960693359e-01,1.601102539062500000e+03,7.413327636718750000e+02,8.912964463233947754e-01,1.508048461914062500e+03,7.994915771484375000e+02,8.743208646774291992e-01,1.639875122070312500e+03,7.917370605468750000e+02,9.096183180809020996e-01,1.515802978515625000e+03,8.498958740234375000e+02,7.937244176864624023e-01,1.647629638671875000e+03,7.645963134765625000e+02,4.815131425857543945e-01,1.539066528320312500e+03,8.576503906250000000e+02,8.764649629592895508e-01,1.581716308593750000e+03,8.615275878906250000e+02,8.535237908363342285e-01,1.542943847656250000e+03,9.468272094726562500e+02,8.937054872512817383e-01,1.570084594726562500e+03,9.468272094726562500e+02,8.460608720779418945e-01,1.546821044921875000e+03,1.024372192382812500e+03,8.692280054092407227e-01,1.550698242187500000e+03,1.024372192382812500e+03,8.704811334609985352e-01,1.589470825195312500e+03,6.754194335937500000e+02,9.357782602310180664e-01,1.573961791992187500e+03,7.180692749023437500e+02,9.279336333274841309e-01,1.558452758789062500e+03,8.537731323242187500e+02,8.757168650627136230e-01,1.570084594726562500e+03,1.036004028320312500e+03,7.028738856315612793e-01,1.566207275390625000e+03,1.036004028320312500e+03,7.731454372406005859e-01,1.566207275390625000e+03,1.036004028320312500e+03,5.587303042411804199e-01,1.570084594726562500e+03,1.039881225585937500e+03,8.039658665657043457e-01,1.542943847656250000e+03,1.039881225585937500e+03,7.881395816802978516e-01,1.539066528320312500e+03,1.039881225585937500e+03,8.530714511871337891e-01,1.481455718669318230e+03,6.630031001947448885e+02,1.768692367763583206e+02,3.954270517921796682e+02,0.000000000000000000e+00,4.000000000000000000e+00,1.000000000000000000e+00
2.234100000000000000e+04,1.020000000000000000e+02,3.127000000000000000e+03,3.080000000000000000e+02,1.621331909179687500e+03,7.194722900390625000e+02,5.152888298034667969e-01,1.571314697265625000e+03,7.040823364257812500e+02,2.427315115928649902e-01,1.621331909179687500e+03,7.079298095703125000e+02,5.859628915786743164e-01,1.571314697265625000e+03,7.040823364257812500e+02,8.428264260292053223e-01,1.613636962890625000e+03,7.079298095703125000e+02,7.755363583564758301e-01,1.544382324218750000e+03,7.348621826171875000e+02,8.774272799491882324e-01,1.613636962890625000e+03,7.387096557617187500e+02,8.615655303001403809e-01,1.517449951171875000e+03,7.887269287109375000e+02,8.796203136444091797e-01,1.648264282226562500e+03,7.925744018554687500e+02,8.950394988059997559e-01,1.521297363281250000e+03,8.425916748046875000e+02,7.595620155334472656e-01,1.652111694335937500e+03,7.848794555664062500e+02,7.384474873542785645e-01,1.548229736328125000e+03,8.541340942382812500e+02,9.149808287620544434e-01,1.594399536132812500e+03,8.541340942382812500e+02,8.991022706031799316e-01,1.555924682617187500e+03,9.387786865234375000e+02,9.284064173698425293e-01,1.579009643554687500e+03,9.387786865234375000e+02,8.823997378349304199e-01,1.548229736328125000e+03,1.019575805664062500e+03,7.901138663291931152e-01,1.571314697265625000e+03,1.019575805664062500e+03,8.195751309394836426e-01,1.598247070312500000e+03,6.771499633789062500e+02,9.261249303817749023e-01,1.586704589843750000e+03,7.156248168945312500e+02,9.522532224655151367e-01,1.571314697265625000e+03,8.502866210937500000e+02,9.011270403861999512e-01,1.567467163085937500e+03,1.031118164062500000e+03,6.133602261543273926e-01,1.582857055664062500e+03,1.031118164062500000e+03,8.919014930725097656e-01,1.563619628906250000e+03,1.027270751953125000e+03,5.864754319190979004e-01,1.586704589843750000e+03,1.034965698242187500e+03,8.523023724555969238e-01,1.544382324218750000e+03,1.038813232421875000e+03,7.919418215751647949e-01,1.563619628906250000e+03,1.038813232421875000e+03,7.667891979217529297e-01,1.493662923292809637e+03,6.653858198769443106e+02,1.749924839022041851e+02,3.941831091565430825e+02,0.000000000000000000e+00,4.000000000000000000e+00,1.000000000000000000e+00
2.234200000000000000e+04,1.020000000000000000e+02,3.127000000000000000e+03,3.090000000000000000e+02,1.628804321289062500e+03,7.103695678710937500e+02,3.620117306709289551e-01,1.576351440429687500e+03,6.991296386718750000e+02,4.017593562602996826e-01,1.625057739257812500e+03,7.028762817382812500e+02,5.759394764900207520e-01,1.580098022460937500e+03,6.991296386718750000e+02,8.562666177749633789e-01,1.621311035156250000e+03,7.028762817382812500e+02,8.364394307136535645e-01,1.557618286132812500e+03,7.365960083007812500e+02,8.975569009780883789e-01,1.628804321289062500e+03,7.403426513671875000e+02,8.988881707191467285e-01,1.531391845703125000e+03,7.890488891601562500e+02,8.634632825851440430e-01,1.655030761718750000e+03,7.890488891601562500e+02,8.042252063751220703e-01,1.523898559570312500e+03,8.415017700195312500e+02,7.781587243080139160e-01,1.621311035156250000e+03,7.815556030273437500e+02,5.690808296203613281e-01,1.561364868164062500e+03,8.564883422851562500e+02,9.218885302543640137e-01,1.602577880859375000e+03,8.564883422851562500e+02,9.026435613632202148e-01,1.565111572265625000e+03,9.351676635742187500e+02,9.320492148399353027e-01,1.595084594726562500e+03,9.351676635742187500e+02,8.964567780494689941e-01,1.557618286132812500e+03,1.013847045898437500e+03,8.848026394844055176e-01,1.591338012695312500e+03,1.010100402832031250e+03,8.621375560760498047e-01,1.606324462890625000e+03,6.766498413085937500e+02,8.985044360160827637e-01,1.595084594726562500e+03,7.141162109375000000e+02,9.498010277748107910e-01,1.583844726562500000e+03,8.527416992187500000e+02,9.317862987518310547e-01,1.557618286132812500e+03,1.017593627929687500e+03,7.672070860862731934e-01,1.602577880859375000e+03,1.017593627929687500e+03,8.596820235252380371e-01,1.546378295898437500e+03,1.017593627929687500e+03,7.901015877723693848e-01,1.610071166992187500e+03,1.021340270996093750e+03,9.990224242210388184e-01,1.553871582031250000e+03,1.028833618164062500e+03,8.677029013633728027e-01,1.591338012695312500e+03,1.028833618164062500e+03,9.495697021484375000e-01,1.502857362846061278e+03,6.711136743375101332e+02,1.705057155059812430e+02,3.869000821665769081e+02,0.000000000000000000e+00,4.000000000000000000e+00,1.000000000000000000e+00
2.234300000000000000e+04,1.020000000000000000e+02,3.108000000000000000e+03,3.100000000000000000e+02,1.639230834960937500e+03,7.130970458984375000e+02,4.427715539932250977e-01,1.586607421875000000e+03,7.018205566406250000e+02,3.448514342308044434e-01,1.635472045898437500e+03,7.055793457031250000e+02,6.107128858566284180e-01,1.586607421875000000e+03,7.018205566406250000e+02,8.469589352607727051e-01,1.631713256835937500e+03,7.055793457031250000e+02,8.430064916610717773e-01,1.564054443359375000e+03,7.394087524414062500e+02,9.162741303443908691e-01,1.631713256835937500e+03,7.394087524414062500e+02,8.881780505180358887e-01,1.541501464843750000e+03,7.957910766601562500e+02,9.055916666984558105e-01,1.661783813476562500e+03,7.882734375000000000e+02,9.063001871109008789e-01,1.537742675781250000e+03,8.484146118164062500e+02,8.594079017639160156e-01,1.654266113281250000e+03,7.506852416992187500e+02,8.572779297828674316e-01,1.571572143554687500e+03,8.559322509765625000e+02,9.296941757202148438e-01,1.612919067382812500e+03,8.559322509765625000e+02,8.691515326499938965e-01,1.571572143554687500e+03,9.386263427734375000e+02,9.257408976554870605e-01,1.609160278320312500e+03,9.348674926757812500e+02,8.744795918464660645e-01,1.556536743164062500e+03,1.017561584472656250e+03,8.603386282920837402e-01,1.609160278320312500e+03,1.010043945312500000e+03,7.435830235481262207e-01,1.616677978515625000e+03,6.792676391601562500e+02,8.933496475219726562e-01,1.605401489257812500e+03,7.168558349609375000e+02,9.714466333389282227e-01,1.590366210937500000e+03,8.521734619140625000e+02,9.168491363525390625e-01,1.567813232421875000e+03,1.025079223632812500e+03,8.624002933502197266e-01,1.624195556640625000e+03,1.013802795410156250e+03,8.420178890228271484e-01,1.560295654296875000e+03,1.025079223632812500e+03,7.618544101715087891e-01,1.627954467773437500e+03,1.017561584472656250e+03,9.531478285789489746e-01,1.552777954101562500e+03,1.032596923828125000e+03,8.487356305122375488e-01,1.609160278320312500e+03,1.025079223632812500e+03,8.317903280258178711e-01,1.510304488411039983e+03,6.750129371387351966e+02,1.685324447634059197e+02,3.850298056693286526e+02,0.000000000000000000e+00,4.000000000000000000e+00,1.000000000000000000e+00
2.234400000000000000e+04,1.020000000000000000e+02,3.127000000000000000e+03,3.110000000000000000e+02,1.646182861328125000e+03,7.150639038085937500e+02,6.413648724555969238e-01,1.593702270507812500e+03,7.075666503906250000e+02,3.473661243915557861e-01,1.642434204101562500e+03,7.113153076171875000e+02,7.767828702926635742e-01,1.597450927734375000e+03,7.038180541992187500e+02,8.659902811050415039e-01,1.638685668945312500e+03,7.075666503906250000e+02,8.514705300331115723e-01,1.571210571289062500e+03,7.450527954101562500e+02,9.039931893348693848e-01,1.642434204101562500e+03,7.450527954101562500e+02,8.969779014587402344e-01,1.548718872070312500e+03,8.012820434570312500e+02,9.160439968109130859e-01,1.672423217773437500e+03,7.937847900390625000e+02,9.037133455276489258e-01,1.544970336914062500e+03,8.500139770507812500e+02,8.386901021003723145e-01,1.642434204101562500e+03,7.750417480468750000e+02,7.265824079513549805e-01,1.578707763671875000e+03,8.650084838867187500e+02,9.608396887779235840e-01,1.623691162109375000e+03,8.650084838867187500e+02,9.433301091194152832e-01,1.582456420898437500e+03,9.399807128906250000e+02,9.540765285491943359e-01,1.619942626953125000e+03,9.399807128906250000e+02,9.368352890014648438e-01,1.559964721679687500e+03,1.011204406738281250e+03,9.091466665267944336e-01,1.623691162109375000e+03,1.007455810546875000e+03,7.719036340713500977e-01,1.623691162109375000e+03,6.813263549804687500e+02,9.354606866836547852e-01,1.612445312500000000e+03,7.225611572265625000e+02,9.225240945816040039e-01,1.601199462890625000e+03,8.612598266601562500e+02,9.624774456024169922e-01,1.563713378906250000e+03,1.018701660156250000e+03,7.256541252136230469e-01,1.623691162109375000e+03,1.033696044921875000e+03,8.365927338600158691e-01,1.552467529296875000e+03,1.018701660156250000e+03,7.773364186286926270e-01,1.634937011718750000e+03,1.026198852539062500e+03,9.065430760383605957e-01,1.552467529296875000e+03,1.026198852539062500e+03,8.179005384445190430e-01,1.623691162109375000e+03,1.018701660156250000e+03,7.109015583992004395e-01,1.517779518171816107e+03,6.728179251310943982e+02,1.669980820733781002e+02,3.836995750910054994e+02,0.000000000000000000e+00,4.000000000000000000e+00,1.000000000000000000e+00
2.234500000000000000e+04,1.020000000000000000e+02,3.127000000000000000e+03,3.120000000000000000e+02,1.656378906250000000e+03,7.208388671875000000e+02,6.936038732528686523e-01,1.656378906250000000e+03,7.135183105468750000e+02,3.722893297672271729e-01,1.656378906250000000e+03,7.135183105468750000e+02,7.787572145462036133e-01,1.608795288085937500e+03,7.098580322265625000e+02,8.457866311073303223e-01,1.649058349609375000e+03,7.135183105468750000e+02,8.869990706443786621e-01,1.579513183593750000e+03,7.464607543945312500e+02,9.039818644523620605e-01,1.652718627929687500e+03,7.464607543945312500e+02,9.090425968170166016e-01,1.553891235351562500e+03,8.050250854492187500e+02,8.290039896965026855e-01,1.682000732421875000e+03,7.903840332031250000e+02,9.038427472114562988e-01,1.557551513671875000e+03,8.562688598632812500e+02,8.379971385002136230e-01,1.667359619140625000e+03,7.684223632812500000e+02,7.310432791709899902e-01,1.586833740234375000e+03,8.635894165039062500e+02,9.344087243080139160e-01,1.630756958007812500e+03,8.672496948242187500e+02,9.302173852920532227e-01,1.586833740234375000e+03,9.404550781250000000e+02,9.379630088806152344e-01,1.623436401367187500e+03,9.404550781250000000e+02,9.183328151702880859e-01,1.564872070312500000e+03,1.013660522460937500e+03,8.499014973640441895e-01,1.630756958007812500e+03,1.017320800781250000e+03,7.868982553482055664e-01,1.634417236328125000e+03,6.878964233398437500e+02,9.259564280509948730e-01,1.623436401367187500e+03,7.244991455078125000e+02,9.290050268173217773e-01,1.608795288085937500e+03,8.599291381835937500e+02,9.547975659370422363e-01,1.579513183593750000e+03,1.031961914062500000e+03,8.651968836784362793e-01,1.638077514648437500e+03,1.020981079101562500e+03,7.928171157836914062e-01,1.572192626953125000e+03,1.028301635742187500e+03,6.841508746147155762e-01,1.641737792968750000e+03,1.020981079101562500e+03,8.726097345352172852e-01,1.553891235351562500e+03,1.028301635742187500e+03,7.837423086166381836e-01,1.630756958007812500e+03,1.031961914062500000e+03,8.161645531654357910e-01,1.526624653743463114e+03,6.764881740255597151e+02,1.636700048490820336e+02,3.772509998333786143e+02,0.000000000000000000e+00,4.000000000000000000e+00,1.000000000000000000e+00
2.234600000000000000e+04,1.020000000000000000e+02,3.118000000000000000e+03,3.130000000000000000e+02,1.657124755859375000e+03,7.220053100585937500e+02,5.138376951217651367e-01,1.607145019531250000e+03,7.148653564453125000e+02,3.419369757175445557e-01,1.653554809570312500e+03,7.148653564453125000e+02,6.824275255203247070e-01,1.614285034179687500e+03,7.148653564453125000e+02,8.356815576553344727e-01,1.649984863281250000e+03,7.148653564453125000e+02,8.462228178977966309e-01,1.589295166015625000e+03,7.541351928710937500e+02,8.804014325141906738e-01,1.660694702148437500e+03,7.541351928710937500e+02,8.661132454872131348e-01,1.564305297851562500e+03,8.076848754882812500e+02,8.596913814544677734e-01,1.689254638671875000e+03,7.934049682617187500e+02,8.654481172561645508e-01,1.560735229492187500e+03,8.540946655273437500e+02,7.759250402450561523e-01,1.678544677734375000e+03,7.755550537109375000e+02,6.388347148895263672e-01,1.596435058593750000e+03,8.648046264648437500e+02,9.399742484092712402e-01,1.639274902343750000e+03,8.683745727539062500e+02,9.432433247566223145e-01,1.592865112304687500e+03,9.397742309570312500e+02,9.282614588737487793e-01,1.635704833984375000e+03,9.397742309570312500e+02,9.381735920906066895e-01,1.575015136718750000e+03,1.007603881835937500e+03,7.937139272689819336e-01,1.639274902343750000e+03,1.014743835449218750e+03,8.266612291336059570e-01,1.635704833984375000e+03,6.898754882812500000e+02,8.843833208084106445e-01,1.628564941406250000e+03,7.291453247070312500e+02,9.315082430839538574e-01,1.617854980468750000e+03,8.612346191406250000e+02,9.582926034927368164e-01,1.571445190429687500e+03,1.018313842773437500e+03,7.036543488502502441e-01,1.646414794921875000e+03,1.025453735351562500e+03,7.568065524101257324e-01,1.557165283203125000e+03,1.018313842773437500e+03,7.433889508247375488e-01,1.653554809570312500e+03,1.025453735351562500e+03,8.333873152732849121e-01,1.564305297851562500e+03,1.021883789062500000e+03,7.709364295005798340e-01,1.639274902343750000e+03,1.032593750000000000e+03,8.424884676933288574e-01,1.534456789015200002e+03,6.817083847670619434e+02,1.599098592779355386e+02,3.687230157232929741e+02,0.000000000000000000e+00,4.000000000000000000e+00,1.000000000000000000e+00
2.234700000000000000e+04,1.020000000000000000e+02,3.120000000000000000e+03,3.140000000000000000e+02,1.668414794921875000e+03,7.229100341796875000e+02,3.436493873596191406e-01,1.623493652343750000e+03,7.159991455078125000e+02,3.177571296691894531e-01,1.668414794921875000e+03,7.159991455078125000e+02,4.938558340072631836e-01,1.623493652343750000e+03,7.159991455078125000e+02,7.909187674522399902e-01,1.661503906250000000e+03,7.194545898437500000e+02,7.977676391601562500e-01,1.595849975585937500e+03,7.540092773437500000e+02,8.823134899139404297e-01,1.668414794921875000e+03,7.505538330078125000e+02,8.855907320976257324e-01,1.571661621093750000e+03,8.092968139648437500e+02,7.664133906364440918e-01,1.696058593750000000e+03,7.954749145507812500e+02,9.212881922721862793e-01,1.575117065429687500e+03,8.576734008789062500e+02,7.374077439308166504e-01,1.671870239257812500e+03,7.781975708007812500e+02,7.098982930183410645e-01,1.606216308593750000e+03,8.645843505859375000e+02,9.370279908180236816e-01,1.651137451171875000e+03,8.645843505859375000e+02,8.855755925178527832e-01,1.602760864257812500e+03,9.406046752929687500e+02,8.711197376251220703e-01,1.644226562500000000e+03,9.406046752929687500e+02,8.856166005134582520e-01,1.575117065429687500e+03,1.020080444335937500e+03,7.715995907783508301e-01,1.644226562500000000e+03,1.023535949707031250e+03,8.594392538070678711e-01,1.647682006835937500e+03,6.952662963867187500e+02,8.515498638153076172e-01,1.637315551757812500e+03,7.298209838867187500e+02,9.627353549003601074e-01,1.630404663085937500e+03,8.611288452148437500e+02,8.965691924095153809e-01,1.575117065429687500e+03,1.023535949707031250e+03,7.446531653404235840e-01,1.651137451171875000e+03,1.030446899414062500e+03,8.309434652328491211e-01,1.561295288085937500e+03,1.023535949707031250e+03,8.453693985939025879e-01,1.658048339843750000e+03,1.033902343750000000e+03,8.582783341407775879e-01,1.568206176757812500e+03,1.033902343750000000e+03,8.367650508880615234e-01,1.644226562500000000e+03,1.037357788085937500e+03,9.070839881896972656e-01,1.546216836974171201e+03,6.943132974317227308e+02,1.570540437559563998e+02,3.577768898869480836e+02,0.000000000000000000e+00,3.000000000000000000e+00,1.000000000000000000e+00
2.234800000000000000e+04,1.020000000000000000e+02,3.111000000000000000e+03,3.150000000000000000e+02,1.682399047851562500e+03,7.260140991210937500e+02,5.576145648956298828e-01,1.682399047851562500e+03,7.189780883789062500e+02,2.728321552276611328e-01,1.678880981445312500e+03,7.189780883789062500e+02,6.316708326339721680e-01,1.636664672851562500e+03,7.154600830078125000e+02,7.713232636451721191e-01,1.671844970703125000e+03,7.189780883789062500e+02,8.185855746269226074e-01,1.605002563476562500e+03,7.541583251953125000e+02,8.882002830505371094e-01,1.675363037109375000e+03,7.541583251953125000e+02,9.092628955841064453e-01,1.587412353515625000e+03,8.069286499023437500e+02,8.778485655784606934e-01,1.703507202148437500e+03,7.963745727539062500e+02,8.977887034416198730e-01,1.587412353515625000e+03,8.526629638671875000e+02,8.048489689826965332e-01,1.696471069335937500e+03,7.717484130859375000e+02,6.349677443504333496e-01,1.615556640625000000e+03,8.632170410156250000e+02,9.757006764411926270e-01,1.654254882812500000e+03,8.667350463867187500e+02,9.064822196960449219e-01,1.608520507812500000e+03,9.370955200195312500e+02,9.143298268318176270e-01,1.650736816406250000e+03,9.406135253906250000e+02,9.237003922462463379e-01,1.587412353515625000e+03,1.010973999023437500e+03,7.557243108749389648e-01,1.650736816406250000e+03,1.021528076171875000e+03,8.297200798988342285e-01,1.661290893554687500e+03,6.943519287109375000e+02,8.654730916023254395e-01,1.647218750000000000e+03,7.295321655273437500e+02,9.312000274658203125e-01,1.636664672851562500e+03,8.596989746093750000e+02,9.381405115127563477e-01,1.583894409179687500e+03,1.018010070800781250e+03,7.140165567398071289e-01,1.661290893554687500e+03,1.032082153320312500e+03,8.067029714584350586e-01,1.569822265625000000e+03,1.018010070800781250e+03,8.239259123802185059e-01,1.664808959960937500e+03,1.035600219726562500e+03,8.533468246459960938e-01,1.580376342773437500e+03,1.028564086914062500e+03,7.806798815727233887e-01,1.647218750000000000e+03,1.039118164062500000e+03,8.929217457771301270e-01,1.553254047980134374e+03,6.935877398282341346e+02,1.581059132928608051e+02,3.581891346182596862e+02,0.000000000000000000e+00,3.000000000000000000e+00,1.000000000000000000e+00
2.234900000000000000e+04,1.020000000000000000e+02,3.120000000000000000e+03,3.160000000000000000e+02,1.686768188476562500e+03,7.247209472656250000e+02,4.489132165908813477e-01,1.637652343750000000e+03,7.141961059570312500e+02,2.086627632379531860e-01,1.683259887695312500e+03,7.177044067382812500e+02,5.624190568923950195e-01,1.641160644531250000e+03,7.106878662109375000e+02,7.572904825210571289e-01,1.679751586914062500e+03,7.177044067382812500e+02,8.219414353370666504e-01,1.616602783203125000e+03,7.492788085937500000e+02,9.066796898841857910e-01,1.683259887695312500e+03,7.492788085937500000e+02,8.886421918869018555e-01,1.599061401367187500e+03,8.019028930664062500e+02,8.938351273536682129e-01,1.714834350585937500e+03,7.948863525390625000e+02,9.216949939727783203e-01,1.595553100585937500e+03,8.510186767578125000e+02,8.040778040885925293e-01,1.690276489257812500e+03,7.773449707031250000e+02,6.514024734497070312e-01,1.627127563476562500e+03,8.615434570312500000e+02,8.830976486206054688e-01,1.665718505859375000e+03,8.615434570312500000e+02,9.053637385368347168e-01,1.616602783203125000e+03,9.317088623046875000e+02,8.520060181617736816e-01,1.658702026367187500e+03,9.387254028320312500e+02,9.063698649406433105e-01,1.606078002929687500e+03,9.983660278320312500e+02,9.202361106872558594e-01,1.651685424804687500e+03,1.019415649414062500e+03,7.793586254119873047e-01,1.665718505859375000e+03,6.931464843750000000e+02,8.281383514404296875e-01,1.655193725585937500e+03,7.282291870117187500e+02,9.367165565490722656e-01,1.644668945312500000e+03,8.615434570312500000e+02,8.966347575187683105e-01,1.585028320312500000e+03,1.029940429687500000e+03,7.766267061233520508e-01,1.662210327148437500e+03,1.036957031250000000e+03,8.025498390197753906e-01,1.574503540039062500e+03,1.026432128906250000e+03,1.019893527030944824e+00,1.665718505859375000e+03,1.040465209960937500e+03,9.090025424957275391e-01,1.602569702148437500e+03,1.008890808105468750e+03,8.021075725555419922e-01,1.648177246093750000e+03,1.040465209960937500e+03,9.304499030113220215e-01,1.563154203752221747e+03,6.924380056829509158e+02,1.586141291797696340e+02,3.577890383175013085e+02,0.000000000000000000e+00,3.000000000000000000e+00,1.000000000000000000e+00
2.235000000000000000e+04,1.020000000000000000e+02,3.120000000000000000e+03,3.170000000000000000e+02,1.691329467773437500e+03,7.239215698242187500e+02,3.977317512035369873e-01,1.646778808593750000e+03,7.164964599609375000e+02,3.378737568855285645e-01,1.691329467773437500e+03,7.164964599609375000e+02,5.896221995353698730e-01,1.646778808593750000e+03,7.127839355468750000e+02,8.072466850280761719e-01,1.683904418945312500e+03,7.164964599609375000e+02,8.767184019088745117e-01,1.628216064453125000e+03,7.499094848632812500e+02,8.896972537040710449e-01,1.695041992187500000e+03,7.499094848632812500e+02,8.872045874595642090e-01,1.609653320312500000e+03,7.981726684570312500e+02,9.109069705009460449e-01,1.721029907226562500e+03,7.944601440429687500e+02,9.146199226379394531e-01,1.598515625000000000e+03,8.464359130859375000e+02,7.442935109138488770e-01,1.709892211914062500e+03,7.684722290039062500e+02,5.769738554954528809e-01,1.635641113281250000e+03,8.538610229492187500e+02,8.897136449813842773e-01,1.672766723632812500e+03,8.575735473632812500e+02,8.760080933570861816e-01,1.628216064453125000e+03,9.243995361328125000e+02,8.669889569282531738e-01,1.661629028320312500e+03,9.318246459960937500e+02,9.094796776771545410e-01,1.620790893554687500e+03,9.986506347656250000e+02,8.272786140441894531e-01,1.654203979492187500e+03,1.017213439941406250e+03,8.148609399795532227e-01,1.672766723632812500e+03,6.942211303710937500e+02,9.388874173164367676e-01,1.665341552734375000e+03,7.276341552734375000e+02,9.233697652816772461e-01,1.654203979492187500e+03,8.538610229492187500e+02,8.978050351142883301e-01,1.602228149414062500e+03,1.028351074218750000e+03,5.058261156082153320e-01,1.665341552734375000e+03,1.032063598632812500e+03,7.361170053482055664e-01,1.591090454101562500e+03,1.017213439941406250e+03,6.389577984809875488e-01,1.669054199218750000e+03,1.039488769531250000e+03,8.340529799461364746e-01,1.620790893554687500e+03,1.009788330078125000e+03,7.329211831092834473e-01,1.650491333007812500e+03,1.039488769531250000e+03,8.434584140777587891e-01,1.570053546857576521e+03,6.851094658278481120e+02,1.642317517691524245e+02,3.717277947907613225e+02,0.000000000000000000e+00,3.000000000000000000e+00,1.000000000000000000e+00
2.235100000000000000e+04,1.020000000000000000e+02,3.120000000000000000e+03,3.180000000000000000e+02,1.697942382812500000e+03,7.218511352539062500e+02,3.341571092605590820e-01,1.651721069335937500e+03,7.141475830078125000e+02,4.261264801025390625e-01,1.694090576171875000e+03,7.141475830078125000e+02,5.201098322868347168e-01,1.655572875976562500e+03,7.141475830078125000e+02,8.301091790199279785e-01,1.690238891601562500e+03,7.141475830078125000e+02,8.622581958770751953e-01,1.632462280273437500e+03,7.526652832031250000e+02,9.201533198356628418e-01,1.701794189453125000e+03,7.449617919921875000e+02,8.688832521438598633e-01,1.617055175781250000e+03,7.988865356445312500e+02,8.631939888000488281e-01,1.724904785156250000e+03,7.873312377929687500e+02,9.243976473808288574e-01,1.609351684570312500e+03,8.451077880859375000e+02,7.054071426391601562e-01,1.694090576171875000e+03,7.834794921875000000e+02,7.798549532890319824e-01,1.644017578125000000e+03,8.566631469726562500e+02,8.690793514251708984e-01,1.682535278320312500e+03,8.566631469726562500e+02,8.578581213951110840e-01,1.640165771484375000e+03,9.336985473632812500e+02,8.311666846275329590e-01,1.667128173828125000e+03,9.375502929687500000e+02,9.021778702735900879e-01,1.632462280273437500e+03,1.003030395507812500e+03,5.710756778717041016e-01,1.655572875976562500e+03,1.022289306640625000e+03,7.583250999450683594e-01,1.674831787109375000e+03,6.910369873046875000e+02,8.847184777259826660e-01,1.670979980468750000e+03,7.257028808593750000e+02,9.355233311653137207e-01,1.663276489257812500e+03,8.566631469726562500e+02,9.053171873092651367e-01,1.670979980468750000e+03,1.037696411132812500e+03,6.818211078643798828e-01,1.601648071289062500e+03,1.037696411132812500e+03,6.243850588798522949e-01,1.667128173828125000e+03,1.037696411132812500e+03,4.069770574569702148e-01,1.605499877929687500e+03,1.037696411132812500e+03,5.722618699073791504e-01,1.651721069335937500e+03,1.037696411132812500e+03,5.694064497947692871e-01,1.617055175781250000e+03,1.006882202148437500e+03,5.098861455917358398e-01,1.574359272347356637e+03,6.799410524026229723e+02,1.690776430002890720e+02,3.862747923873282616e+02,0.000000000000000000e+00,3.000000000000000000e+00,1.000000000000000000e+00
2.235200000000000000e+04,1.020000000000000000e+02,3.111000000000000000e+03,3.190000000000000000e+02,1.705102172851562500e+03,7.233632202148437500e+02,2.473973333835601807e-01,1.658226440429687500e+03,7.116442871093750000e+02,4.286476373672485352e-01,1.701195800781250000e+03,7.155505981445312500e+02,4.598198831081390381e-01,1.662132812500000000e+03,7.116442871093750000e+02,8.735895752906799316e-01,1.697289550781250000e+03,7.155505981445312500e+02,8.476566672325134277e-01,1.642601318359375000e+03,7.507073364257812500e+02,8.682552576065063477e-01,1.709008422851562500e+03,7.468010253906250000e+02,8.621930480003356934e-01,1.623069702148437500e+03,8.014893188476562500e+02,8.213488459587097168e-01,1.736352661132812500e+03,7.897703857421875000e+02,9.072286486625671387e-01,1.615257080078125000e+03,8.483649902343750000e+02,7.288410663604736328e-01,1.705102172851562500e+03,7.858640747070312500e+02,7.447245121002197266e-01,1.650413818359375000e+03,8.561776123046875000e+02,8.654029965400695801e-01,1.689476928710937500e+03,8.561776123046875000e+02,8.410929441452026367e-01,1.650413818359375000e+03,9.343037109375000000e+02,8.586640954017639160e-01,1.677758056640625000e+03,9.343037109375000000e+02,8.534057140350341797e-01,1.658226440429687500e+03,1.012429809570312500e+03,7.050453424453735352e-01,1.646507568359375000e+03,1.004617248535156250e+03,7.444745302200317383e-01,1.681664306640625000e+03,6.921127319335937500e+02,8.795674443244934082e-01,1.677758056640625000e+03,7.272695312500000000e+02,9.144287705421447754e-01,1.669945434570312500e+03,8.522713012695312500e+02,8.740286827087402344e-01,1.669945434570312500e+03,1.039773925781250000e+03,8.253743648529052734e-01,1.626976074218750000e+03,1.047586547851562500e+03,7.284350395202636719e-01,1.658226440429687500e+03,1.035867675781250000e+03,6.879847049713134766e-01,1.630882324218750000e+03,1.047586547851562500e+03,7.526864409446716309e-01,1.662132812500000000e+03,1.028055053710937500e+03,7.680561542510986328e-01,1.630882324218750000e+03,1.008523559570312500e+03,8.826870918273925781e-01,1.584511030765509759e+03,6.734283419927196519e+02,1.720455793218582130e+02,3.954853542173584628e+02,0.000000000000000000e+00,3.000000000000000000e+00,1.000000000000000000e+00
2.235300000000000000e+04,1.020000000000000000e+02,3.111000000000000000e+03,3.200000000000000000e+02,1.714822265625000000e+03,7.191101684570312500e+02,3.416430652141571045e-01,1.669294311523437500e+03,7.077282104492187500e+02,3.750627338886260986e-01,1.714822265625000000e+03,7.115222167968750000e+02,5.170223712921142578e-01,1.673088378906250000e+03,7.077282104492187500e+02,8.843630552291870117e-01,1.711028320312500000e+03,7.115222167968750000e+02,8.292652964591979980e-01,1.650324462890625000e+03,7.456680908203125000e+02,9.214165210723876953e-01,1.714822265625000000e+03,7.456680908203125000e+02,9.036948084831237793e-01,1.627560424804687500e+03,8.025780029296875000e+02,8.041771054267883301e-01,1.741380249023437500e+03,7.836080322265625000e+02,8.798164725303649902e-01,1.623766479492187500e+03,8.481058959960937500e+02,7.761911153793334961e-01,1.711028320312500000e+03,7.798140258789062500e+02,6.151755452156066895e-01,1.657912353515625000e+03,8.594878540039062500e+02,8.874633312225341797e-01,1.699646240234375000e+03,8.594878540039062500e+02,8.694843649864196777e-01,1.661706420898437500e+03,9.391616821289062500e+02,8.346051573753356934e-01,1.695852294921875000e+03,9.391616821289062500e+02,8.051201105117797852e-01,1.657912353515625000e+03,1.011247497558593750e+03,7.631272673606872559e-01,1.661706420898437500e+03,1.011247497558593750e+03,7.658335566520690918e-01,1.695852294921875000e+03,6.849642333984375000e+02,9.554522633552551270e-01,1.688264282226562500e+03,7.229041748046875000e+02,9.369807243347167969e-01,1.680676391601562500e+03,8.556938476562500000e+02,8.900924921035766602e-01,1.676882324218750000e+03,1.037805419921875000e+03,6.717448234558105469e-01,1.665500366210937500e+03,1.045393432617187500e+03,7.464675903320312500e-01,1.654118408203125000e+03,1.041599365234375000e+03,6.004830002784729004e-01,1.673088378906250000e+03,1.041599365234375000e+03,8.289029002189636230e-01,1.654118408203125000e+03,1.030217407226562500e+03,5.691748857498168945e-01,1.646530395507812500e+03,1.026423461914062500e+03,7.358783483505249023e-01,1.591818676410820899e+03,6.716082618975666492e+02,1.697599162093217728e+02,3.915266263490883603e+02,0.000000000000000000e+00,3.000000000000000000e+00,1.000000000000000000e+00
2.235400000000000000e+04,1.020000000000000000e+02,3.111000000000000000e+03,3.210000000000000000e+02,1.727386596679687500e+03,7.138045654296875000e+02,3.819074630737304688e-01,1.673944580078125000e+03,7.023527221679687500e+02,3.623496294021606445e-01,1.723569213867187500e+03,7.061699829101562500e+02,5.656760931015014648e-01,1.677761840820312500e+03,7.023527221679687500e+02,8.541986942291259766e-01,1.719751953125000000e+03,7.061699829101562500e+02,8.400223851203918457e-01,1.658675415039062500e+03,7.443428344726562500e+02,8.751785755157470703e-01,1.719751953125000000e+03,7.405255737304687500e+02,9.003835320472717285e-01,1.631954467773437500e+03,8.054193725585937500e+02,7.072111368179321289e-01,1.750290283203125000e+03,7.786984252929687500e+02,9.564374685287475586e-01,1.631954467773437500e+03,8.512268066406250000e+02,7.847337126731872559e-01,1.719751953125000000e+03,7.786984252929687500e+02,7.669220566749572754e-01,1.666310058593750000e+03,8.664959106445312500e+02,9.001338481903076172e-01,1.708300170898437500e+03,8.626786499023437500e+02,8.829206824302673340e-01,1.670127319335937500e+03,9.504761352539062500e+02,8.949827551841735840e-01,1.693031005859375000e+03,9.504761352539062500e+02,7.907806634902954102e-01,1.666310058593750000e+03,1.030639160156250000e+03,7.754291892051696777e-01,1.666310058593750000e+03,1.030639160156250000e+03,8.524290919303894043e-01,1.704482910156250000e+03,6.832662963867187500e+02,9.594007730484008789e-01,1.693031005859375000e+03,7.214391479492187500e+02,9.334249496459960938e-01,1.685396484375000000e+03,8.626786499023437500e+02,8.940905332565307617e-01,1.685396484375000000e+03,1.042090942382812500e+03,8.111525774002075195e-01,1.681579101562500000e+03,1.042090942382812500e+03,8.561975955963134766e-01,1.677761840820312500e+03,1.042090942382812500e+03,7.015898227691650391e-01,1.685396484375000000e+03,1.045908203125000000e+03,8.576773405075073242e-01,1.658675415039062500e+03,1.045908203125000000e+03,8.104907870292663574e-01,1.654858154296875000e+03,1.045908203125000000e+03,8.804601430892944336e-01,1.599753262830498215e+03,6.697529041557733080e+02,1.690031509715190623e+02,3.914844471908760397e+02,0.000000000000000000e+00,3.000000000000000000e+00,1.000000000000000000e+00
2.235500000000000000e+04,1.020000000000000000e+02,3.111000000000000000e+03,3.220000000000000000e+02,1.740086669921875000e+03,7.119320068359375000e+02,5.770217776298522949e-01,1.687573730468750000e+03,7.044301147460937500e+02,3.012160062789916992e-01,1.732584838867187500e+03,7.044301147460937500e+02,7.147704362869262695e-01,1.691324584960937500e+03,7.006791992187500000e+02,8.183419704437255859e-01,1.725082885742187500e+03,7.081810913085937500e+02,8.703743815422058105e-01,1.665068115234375000e+03,7.419393920898437500e+02,9.117426276206970215e-01,1.732584838867187500e+03,7.419393920898437500e+02,9.195234179496765137e-01,1.638811645507812500e+03,8.019542236328125000e+02,7.230380177497863770e-01,1.758841308593750000e+03,7.831995849609375000e+02,9.891857504844665527e-01,1.646313476562500000e+03,8.469653320312500000e+02,8.429887294769287109e-01,1.743837524414062500e+03,7.531921997070312500e+02,7.699020504951477051e-01,1.676320922851562500e+03,8.582180786132812500e+02,9.039131999015808105e-01,1.717581054687500000e+03,8.582180786132812500e+02,9.064854383468627930e-01,1.672569946289062500e+03,9.369875488281250000e+02,9.240735173225402832e-01,1.717581054687500000e+03,9.369875488281250000e+02,9.413895010948181152e-01,1.665068115234375000e+03,1.015756958007812500e+03,8.146203160285949707e-01,1.695075561523437500e+03,1.015756958007812500e+03,8.972402215003967285e-01,1.713830200195312500e+03,6.781736450195312500e+02,9.188562035560607910e-01,1.702577392578125000e+03,7.194338378906250000e+02,9.101756811141967773e-01,1.695075561523437500e+03,8.544671630859375000e+02,9.692694544792175293e-01,1.680071777343750000e+03,1.034511596679687500e+03,8.631986379623413086e-01,1.698826416015625000e+03,1.030760620117187500e+03,9.336730837821960449e-01,1.672569946289062500e+03,1.034511596679687500e+03,6.690080761909484863e-01,1.706328369140625000e+03,1.038262573242187500e+03,9.167212843894958496e-01,1.657566284179687500e+03,1.038262573242187500e+03,8.747971653938293457e-01,1.687573730468750000e+03,1.030760620117187500e+03,8.044248819351196289e-01,1.609872540517938660e+03,6.708243382161406316e+02,1.666120397478878203e+02,3.869595623288289516e+02,0.000000000000000000e+00,3.000000000000000000e+00,1.000000000000000000e+00
2.235600000000000000e+04,1.020000000000000000e+02,3.121000000000000000e+03,3.230000000000000000e+02,1.746832275390625000e+03,7.111434936523437500e+02,5.033594965934753418e-01,1.690801391601562500e+03,7.036727294921875000e+02,3.660021722316741943e-01,1.739361572265625000e+03,7.036727294921875000e+02,6.467198729515075684e-01,1.694536865234375000e+03,7.036727294921875000e+02,8.274261355400085449e-01,1.731890747070312500e+03,7.074080810546875000e+02,8.511373400688171387e-01,1.672124511718750000e+03,7.410266113281250000e+02,9.037830233573913574e-01,1.739361572265625000e+03,7.410266113281250000e+02,8.745269179344177246e-01,1.645976684570312500e+03,8.007929077148437500e+02,7.664807438850402832e-01,1.765509277343750000e+03,7.821159667968750000e+02,9.373013973236083984e-01,1.653447509765625000e+03,8.493530273437500000e+02,8.343378305435180664e-01,1.739361572265625000e+03,7.709097900390625000e+02,7.086526751518249512e-01,1.679595214843750000e+03,8.568237915039062500e+02,8.955029249191284180e-01,1.724419921875000000e+03,8.568237915039062500e+02,8.962586522102355957e-01,1.675859863281250000e+03,9.315316162109375000e+02,9.106214642524719238e-01,1.728155273437500000e+03,9.352670288085937500e+02,9.097439646720886230e-01,1.668389038085937500e+03,1.021181030273437500e+03,8.740383386611938477e-01,1.713213745117187500e+03,1.017445678710937500e+03,9.002481102943420410e-01,1.716949218750000000e+03,6.812603759765625000e+02,8.959579467773437500e-01,1.713213745117187500e+03,7.186142578125000000e+02,9.252793788909912109e-01,1.702007568359375000e+03,8.530883789062500000e+02,9.489225149154663086e-01,1.679595214843750000e+03,1.032387207031250000e+03,8.566939830780029297e-01,1.728155273437500000e+03,1.032387207031250000e+03,8.286595344543457031e-01,1.668389038085937500e+03,1.032387207031250000e+03,6.955990195274353027e-01,1.728155273437500000e+03,1.036122558593750000e+03,8.789329528808593750e-01,1.660918212890625000e+03,1.039858032226562500e+03,9.182314276695251465e-01,1.705742919921875000e+03,1.032387207031250000e+03,8.950914740562438965e-01,1.618453394963057463e+03,6.708516111414890020e+02,1.646769902143951185e+02,3.841513223403976554e+02,0.000000000000000000e+00,3.000000000000000000e+00,1.000000000000000000e+00
2.235700000000000000e+04,1.020000000000000000e+02,3.111000000000000000e+03,3.240000000000000000e+02,1.757599365234375000e+03,7.099054565429687500e+02,5.215492248535156250e-01,1.704324951171875000e+03,7.022948608398437500e+02,3.124169111251831055e-01,1.749988769531250000e+03,7.061001586914062500e+02,6.771252155303955078e-01,1.708130249023437500e+03,7.022948608398437500e+02,8.230933547019958496e-01,1.742378173828125000e+03,7.061001586914062500e+02,8.725628852844238281e-01,1.681493041992187500e+03,7.441533203125000000e+02,9.007448554039001465e-01,1.746183471679687500e+03,7.403480224609375000e+02,8.851173520088195801e-01,1.658661254882812500e+03,7.974277343750000000e+02,7.996202707290649414e-01,1.772820678710937500e+03,7.822064819335937500e+02,9.618381261825561523e-01,1.658661254882812500e+03,8.430914916992187500e+02,8.376033902168273926e-01,1.761404663085937500e+03,7.517639160156250000e+02,6.997552514076232910e-01,1.689103759765625000e+03,8.507021484375000000e+02,8.781396150588989258e-01,1.730962158203125000e+03,8.507021484375000000e+02,8.156422972679138184e-01,1.681493041992187500e+03,9.306137695312500000e+02,8.921059370040893555e-01,1.738572875976562500e+03,9.306137695312500000e+02,9.143150448799133301e-01,1.670077148437500000e+03,1.021941345214843750e+03,8.547363281250000000e-01,1.734767456054687500e+03,1.018136047363281250e+03,9.640181064605712891e-01,1.730962158203125000e+03,6.794629516601562500e+02,9.398019313812255859e-01,1.723351562500000000e+03,7.175161132812500000e+02,9.150824546813964844e-01,1.711935668945312500e+03,8.468968505859375000e+02,9.074100255966186523e-01,1.681493041992187500e+03,1.037162597656250000e+03,7.381273508071899414e-01,1.753794067382812500e+03,1.025746704101562500e+03,9.595507383346557617e-01,1.677687744140625000e+03,1.033357299804687500e+03,7.184501886367797852e-01,1.753794067382812500e+03,1.029552001953125000e+03,9.366669654846191406e-01,1.662466552734375000e+03,1.040967895507812500e+03,8.670436143875122070e-01,1.727156860351562500e+03,1.029552001953125000e+03,9.479014277458190918e-01,1.627206590008774810e+03,6.695695787092797673e+02,1.653209368258915219e+02,3.878220564258438117e+02,0.000000000000000000e+00,3.000000000000000000e+00,1.000000000000000000e+00
2.235800000000000000e+04,1.020000000000000000e+02,3.121000000000000000e+03,3.250000000000000000e+02,1.766445068359375000e+03,7.107590942382812500e+02,5.389226078987121582e-01,1.708080688476562500e+03,7.029771728515625000e+02,3.450632393360137939e-01,1.762554199218750000e+03,7.068681640625000000e+02,7.088074684143066406e-01,1.711971679687500000e+03,7.029771728515625000e+02,8.520114421844482422e-01,1.750881225585937500e+03,7.068681640625000000e+02,8.799036145210266113e-01,1.692516845703125000e+03,7.418867797851562500e+02,9.110401272773742676e-01,1.754772216796875000e+03,7.418867797851562500e+02,9.097377061843872070e-01,1.665280029296875000e+03,7.963602905273437500e+02,8.109896779060363770e-01,1.782008911132812500e+03,7.807964477539062500e+02,9.328652620315551758e-01,1.661389160156250000e+03,8.430518798828125000e+02,8.841667771339416504e-01,1.766445068359375000e+03,7.496687622070312500e+02,7.205237746238708496e-01,1.696407836914062500e+03,8.547247314453125000e+02,8.580503463745117188e-01,1.743099365234375000e+03,8.547247314453125000e+02,8.311958312988281250e-01,1.684734863281250000e+03,9.325440063476562500e+02,8.640626668930053711e-01,1.746990356445312500e+03,9.286530151367187500e+02,8.907049298286437988e-01,1.673062011718750000e+03,1.018145202636718750e+03,8.208259344100952148e-01,1.750881225585937500e+03,1.010363281250000000e+03,9.039736390113830566e-01,1.739208374023437500e+03,6.796314086914062500e+02,9.696820974349975586e-01,1.727535522460937500e+03,7.185410156250000000e+02,9.333141446113586426e-01,1.719753540039062500e+03,8.508338012695312500e+02,9.193958640098571777e-01,1.680843872070312500e+03,1.029818115234375000e+03,7.317997813224792480e-01,1.766445068359375000e+03,1.010363281250000000e+03,8.818832039833068848e-01,1.669171020507812500e+03,1.029818115234375000e+03,7.886874079704284668e-01,1.774227050781250000e+03,1.018145202636718750e+03,8.840705156326293945e-01,1.669171020507812500e+03,1.037599975585937500e+03,8.603964447975158691e-01,1.750881225585937500e+03,1.025927124023437500e+03,9.008346796035766602e-01,1.632051017214388139e+03,6.665052172576965859e+02,1.669692335763936626e+02,3.949640824627085749e+02,0.000000000000000000e+00,3.000000000000000000e+00,1.000000000000000000e+00
2.235900000000000000e+04,1.020000000000000000e+02,3.121000000000000000e+03,3.260000000000000000e+02,1.767510253906250000e+03,7.161947021484375000e+02,3.764989972114562988e-01,1.711787109375000000e+03,7.050501098632812500e+02,3.289489746093750000e-01,1.763795288085937500e+03,7.087649536132812500e+02,5.502413511276245117e-01,1.715501953125000000e+03,7.050501098632812500e+02,8.310629129409790039e-01,1.756365600585937500e+03,7.087649536132812500e+02,8.349758386611938477e-01,1.696927612304687500e+03,7.459136962890625000e+02,8.860764503479003906e-01,1.763795288085937500e+03,7.421987915039062500e+02,8.699875473976135254e-01,1.674638427734375000e+03,7.979218750000000000e+02,7.675879597663879395e-01,1.786084594726562500e+03,7.867772827148437500e+02,8.658515810966491699e-01,1.670923583984375000e+03,8.462152099609375000e+02,8.303632736206054688e-01,1.760080444335937500e+03,7.682028808593750000e+02,7.036712765693664551e-01,1.704357421875000000e+03,8.536449584960937500e+02,8.622123599052429199e-01,1.748935791015625000e+03,8.499300537109375000e+02,8.452407121658325195e-01,1.689497924804687500e+03,9.316572265625000000e+02,8.634837865829467773e-01,1.756365600585937500e+03,9.279423828125000000e+02,8.934774994850158691e-01,1.674638427734375000e+03,1.020814147949218750e+03,7.972636222839355469e-01,1.763795288085937500e+03,1.002239807128906250e+03,9.069286584854125977e-01,1.741506103515625000e+03,6.827608642578125000e+02,9.586135745048522949e-01,1.734076416015625000e+03,7.236244506835937500e+02,9.239445328712463379e-01,1.726646606445312500e+03,8.499300537109375000e+02,9.047481417655944824e-01,1.685783081054687500e+03,1.031958740234375000e+03,7.925090789794921875e-01,1.774939941406250000e+03,1.002239807128906250e+03,7.138553261756896973e-01,1.678353271484375000e+03,1.031958740234375000e+03,7.105464935302734375e-01,1.782369750976562500e+03,1.005954711914062500e+03,7.958816289901733398e-01,1.670923583984375000e+03,1.039388549804687500e+03,8.746581673622131348e-01,1.763795288085937500e+03,1.017099304199218750e+03,8.912603855133056641e-01,1.642989463166121823e+03,6.702774093933113591e+02,1.630425537774865461e+02,3.858365732701289517e+02,0.000000000000000000e+00,3.000000000000000000e+00,1.000000000000000000e+00
2.236000000000000000e+04,1.020000000000000000e+02,3.121000000000000000e+03,3.270000000000000000e+02,1.769767578125000000e+03,7.158414916992187500e+02,2.622100114822387695e-01,1.717688476562500000e+03,7.084016113281250000e+02,3.503538072109222412e-01,1.766047729492187500e+03,7.121215820312500000e+02,4.241166710853576660e-01,1.721408447265625000e+03,7.121215820312500000e+02,7.891256213188171387e-01,1.762327758789062500e+03,7.121215820312500000e+02,8.006454110145568848e-01,1.699088745117187500e+03,7.530408935546875000e+02,8.974885940551757812e-01,1.769767578125000000e+03,7.493209838867187500e+02,8.892976045608520508e-01,1.676769165039062500e+03,8.199998168945312500e+02,6.517725586891174316e-01,1.795807250976562500e+03,7.865203857421875000e+02,8.919985294342041016e-01,1.680489013671875000e+03,8.534793090820312500e+02,7.798395752906799316e-01,1.769767578125000000e+03,7.753605346679687500e+02,6.633914709091186523e-01,1.710248535156250000e+03,8.609191894531250000e+02,8.443154692649841309e-01,1.758607788085937500e+03,8.609191894531250000e+02,8.416436314582824707e-01,1.691648925781250000e+03,9.353179931640625000e+02,8.584157824516296387e-01,1.762327758789062500e+03,9.353179931640625000e+02,8.608298897743225098e-01,1.676769165039062500e+03,1.020876586914062500e+03,8.334857821464538574e-01,1.769767578125000000e+03,1.005996826171875000e+03,9.121060371398925781e-01,1.743728027343750000e+03,6.898019409179687500e+02,9.481154084205627441e-01,1.740008056640625000e+03,7.270013427734375000e+02,9.125297069549560547e-01,1.732568237304687500e+03,8.571992187500000000e+02,9.228408336639404297e-01,1.687928955078125000e+03,1.032036376953125000e+03,7.400090098381042480e-01,1.780927490234375000e+03,1.002276916503906250e+03,7.576224207878112793e-01,1.676769165039062500e+03,1.032036376953125000e+03,6.740317940711975098e-01,1.788367309570312500e+03,1.009716796875000000e+03,8.290811181068420410e-01,1.673049194335937500e+03,1.039476318359375000e+03,8.671537041664123535e-01,1.769767578125000000e+03,1.017156677246093750e+03,8.991684317588806152e-01,1.650440798826241462e+03,6.739749774270992475e+02,1.620825796473764058e+02,3.825994375550574205e+02,0.000000000000000000e+00,3.000000000000000000e+00,1.000000000000000000e+00
2.236100000000000000e+04,1.020000000000000000e+02,3.121000000000000000e+03,3.280000000000000000e+02,1.776228271484375000e+03,7.212611083984375000e+02,3.410179913043975830e-01,1.723531127929687500e+03,7.137329711914062500e+02,3.006450235843658447e-01,1.772464111328125000e+03,7.174970092773437500e+02,4.905624091625213623e-01,1.727295288085937500e+03,7.174970092773437500e+02,8.321209549903869629e-01,1.764936035156250000e+03,7.174970092773437500e+02,8.365694880485534668e-01,1.708474853515625000e+03,7.589018554687500000e+02,8.925848007202148438e-01,1.776228271484375000e+03,7.476096191406250000e+02,8.948046565055847168e-01,1.678362304687500000e+03,8.304192504882812500e+02,7.162189483642578125e-01,1.806340820312500000e+03,7.890144042968750000e+02,9.016064405441284180e-01,1.689654541015625000e+03,8.605318603515625000e+02,8.010480403900146484e-01,1.791284545898437500e+03,7.664299926757812500e+02,6.603277325630187988e-01,1.719767089843750000e+03,8.605318603515625000e+02,8.172186017036437988e-01,1.764936035156250000e+03,8.605318603515625000e+02,8.555676937103271484e-01,1.697182617187500000e+03,9.320492553710937500e+02,8.742051720619201660e-01,1.768700073242187500e+03,9.282851562500000000e+02,9.078372716903686523e-01,1.682126342773437500e+03,1.018622924804687500e+03,8.175907135009765625e-01,1.772464111328125000e+03,1.007330688476562500e+03,9.152978062629699707e-01,1.749879760742187500e+03,6.911484985351562500e+02,8.807861804962158203e-01,1.746115600585937500e+03,7.325533447265625000e+02,9.082084298133850098e-01,1.742351562500000000e+03,8.567677612304687500e+02,8.992972970008850098e-01,1.689654541015625000e+03,1.029915161132812500e+03,7.464408874511718750e-01,1.787520385742187500e+03,1.007330688476562500e+03,8.611596226692199707e-01,1.678362304687500000e+03,1.029915161132812500e+03,7.157000899314880371e-01,1.795048583984375000e+03,1.014858825683593750e+03,8.751718401908874512e-01,1.674598266601562500e+03,1.041207397460937500e+03,8.718193173408508301e-01,1.772464111328125000e+03,1.022387023925781250e+03,9.368026256561279297e-01,1.656308687056656936e+03,6.761489275041953988e+02,1.628884168485658392e+02,3.843907724293676438e+02,0.000000000000000000e+00,3.000000000000000000e+00,1.000000000000000000e+00
2.236200000000000000e+04,1.020000000000000000e+02,3.121000000000000000e+03,3.290000000000000000e+02,1.792260864257812500e+03,7.242006835937500000e+02,2.923367917537689209e-01,1.732220703125000000e+03,7.091906738281250000e+02,3.392530083656311035e-01,1.784755859375000000e+03,7.166956787109375000e+02,4.506254196166992188e-01,1.735973266601562500e+03,7.129431762695312500e+02,8.211147189140319824e-01,1.781003295898437500e+03,7.166956787109375000e+02,8.535278439521789551e-01,1.717210693359375000e+03,7.542207641601562500e+02,8.623933792114257812e-01,1.788508300781250000e+03,7.542207641601562500e+02,8.960002064704895020e-01,1.698448120117187500e+03,8.142608642578125000e+02,6.153186559677124023e-01,1.814775878906250000e+03,7.917458496093750000e+02,9.113015532493591309e-01,1.694695678710937500e+03,8.555384521484375000e+02,8.174160718917846680e-01,1.788508300781250000e+03,7.804883422851562500e+02,5.985196828842163086e-01,1.724715698242187500e+03,8.630434570312500000e+02,8.378573060035705566e-01,1.773498291015625000e+03,8.630434570312500000e+02,8.503780364990234375e-01,1.702200683593750000e+03,9.343411254882812500e+02,8.148224353790283203e-01,1.777250854492187500e+03,9.380936279296875000e+02,8.743960261344909668e-01,1.683438110351562500e+03,1.020648803710937500e+03,8.672645092010498047e-01,1.781003295898437500e+03,1.009391296386718750e+03,8.831983804702758789e-01,1.762240722656250000e+03,6.866756591796875000e+02,9.042717218399047852e-01,1.758488281250000000e+03,7.317057495117187500e+02,9.637138843536376953e-01,1.747230712890625000e+03,8.592909545898437500e+02,8.774358630180358887e-01,1.679685668945312500e+03,1.031906372070312500e+03,7.759968042373657227e-01,1.777250854492187500e+03,1.016896301269531250e+03,7.778624892234802246e-01,1.668428100585937500e+03,1.035658813476562500e+03,8.226853013038635254e-01,1.792260864257812500e+03,1.020648803710937500e+03,8.306978344917297363e-01,1.683438110351562500e+03,1.039411376953125000e+03,8.790729641914367676e-01,1.781003295898437500e+03,1.028153808593750000e+03,9.134291410446166992e-01,1.663996566589101121e+03,6.740311437075388312e+02,1.630584396834603922e+02,3.842855523052633089e+02,0.000000000000000000e+00,3.000000000000000000e+00,1.000000000000000000e+00
2.236300000000000000e+04,1.020000000000000000e+02,3.121000000000000000e+03,3.300000000000000000e+02,1.799773925781250000e+03,7.242770385742187500e+02,3.498344123363494873e-01,1.738463134765625000e+03,7.134574584960937500e+02,3.453588783740997314e-01,1.796167358398437500e+03,7.170639648437500000e+02,4.879378676414489746e-01,1.749282714843750000e+03,7.134574584960937500e+02,7.476578354835510254e-01,1.785347900390625000e+03,7.170639648437500000e+02,8.122109770774841309e-01,1.727643554687500000e+03,7.531291503906250000e+02,9.185825586318969727e-01,1.796167358398437500e+03,7.531291503906250000e+02,8.602981567382812500e-01,1.709610961914062500e+03,8.108334350585937500e+02,7.918334603309631348e-01,1.821412963867187500e+03,7.891943359375000000e+02,8.954070210456848145e-01,1.702397949218750000e+03,8.577181396484375000e+02,8.022294044494628906e-01,1.796167358398437500e+03,7.747682495117187500e+02,6.996592283248901367e-01,1.734856567382812500e+03,8.613246459960937500e+02,8.661413788795471191e-01,1.781741333007812500e+03,8.613246459960937500e+02,8.628109693527221680e-01,1.713217529296875000e+03,9.298484497070312500e+02,8.466467261314392090e-01,1.785347900390625000e+03,9.370615234375000000e+02,8.971998691558837891e-01,1.687971923828125000e+03,1.020011352539062500e+03,8.612172007560729980e-01,1.781741333007812500e+03,1.012798339843750000e+03,9.154351353645324707e-01,1.770921752929687500e+03,6.954248657226562500e+02,8.561720848083496094e-01,1.763708740234375000e+03,7.314900512695312500e+02,9.593644738197326660e-01,1.760102172851562500e+03,8.577181396484375000e+02,9.017850160598754883e-01,1.687971923828125000e+03,1.027224365234375000e+03,7.197530865669250488e-01,1.785347900390625000e+03,1.020011352539062500e+03,8.774392008781433105e-01,1.673545776367187500e+03,1.027224365234375000e+03,7.768498659133911133e-01,1.796167358398437500e+03,1.023617919921875000e+03,8.908000588417053223e-01,1.684365356445312500e+03,1.038043945312500000e+03,8.982145190238952637e-01,1.778134765625000000e+03,1.030830932617187500e+03,8.975316882133483887e-01,1.671808745912207087e+03,6.817463686632852387e+02,1.602550103794355891e+02,3.743642103090126056e+02,0.000000000000000000e+00,3.000000000000000000e+00,1.000000000000000000e+00
2.236400000000000000e+04,1.020000000000000000e+02,3.121000000000000000e+03,3.310000000000000000e+02,1.810268798828125000e+03,7.268914184570312500e+02,3.607366085052490234e-01,1.746176269531250000e+03,7.197700195312500000e+02,3.472843468189239502e-01,1.803147460937500000e+03,7.197700195312500000e+02,4.818758666515350342e-01,1.756858276367187500e+03,7.197700195312500000e+02,7.746370434761047363e-01,1.796026000976562500e+03,7.197700195312500000e+02,8.273291587829589844e-01,1.735494140625000000e+03,7.553770141601562500e+02,9.168046712875366211e-01,1.806708129882812500e+03,7.553770141601562500e+02,8.583120107650756836e-01,1.717690551757812500e+03,8.123482666015625000e+02,7.329284548759460449e-01,1.831633056640625000e+03,7.874233398437500000e+02,8.699517846107482910e-01,1.710569213867187500e+03,8.586373901367187500e+02,7.949149608612060547e-01,1.803147460937500000e+03,7.731805419921875000e+02,7.125100493431091309e-01,1.742615478515625000e+03,8.621981201171875000e+02,8.875024318695068359e-01,1.792465332031250000e+03,8.621981201171875000e+02,8.806593418121337891e-01,1.724812011718750000e+03,9.298514404296875000e+02,8.413363099098205566e-01,1.792465332031250000e+03,9.334121093750000000e+02,8.995240330696105957e-01,1.696326416015625000e+03,1.018868957519531250e+03,8.139787912368774414e-01,1.785343994140625000e+03,1.015308288574218750e+03,9.269889593124389648e-01,1.774661865234375000e+03,6.984058227539062500e+02,8.458312749862670898e-01,1.774661865234375000e+03,7.340128173828125000e+02,9.543715715408325195e-01,1.767540405273437500e+03,8.586373901367187500e+02,9.127711653709411621e-01,1.699887084960937500e+03,1.025990356445312500e+03,5.914320349693298340e-01,1.792465332031250000e+03,1.022429687500000000e+03,8.508833050727844238e-01,1.685644287109375000e+03,1.025990356445312500e+03,6.481714248657226562e-01,1.799586791992187500e+03,1.029551147460937500e+03,9.124217033386230469e-01,1.689204956054687500e+03,1.040233154296875000e+03,8.790450692176818848e-01,1.778222534179687500e+03,1.029551147460937500e+03,9.008849859237670898e-01,1.679846127785745466e+03,6.867457905380069860e+02,1.583701144721708260e+02,3.674692322675548439e+02,0.000000000000000000e+00,3.000000000000000000e+00,1.000000000000000000e+00
2.236500000000000000e+04,1.020000000000000000e+02,3.121000000000000000e+03,3.320000000000000000e+02,1.816415893554687500e+03,7.258760375976562500e+02,2.978697419166564941e-01,1.761179321289062500e+03,7.148287353515625000e+02,5.505100488662719727e-01,1.812733398437500000e+03,7.185111694335937500e+02,4.970897734165191650e-01,1.768544189453125000e+03,7.148287353515625000e+02,8.688544631004333496e-01,1.805368530273437500e+03,7.185111694335937500e+02,8.882045149803161621e-01,1.746449584960937500e+03,7.553355712890625000e+02,9.038559794425964355e-01,1.816415893554687500e+03,7.553355712890625000e+02,9.044529795646667480e-01,1.724354858398437500e+03,8.105721435546875000e+02,8.081953525543212891e-01,1.838510498046875000e+03,7.884775390625000000e+02,9.448437690734863281e-01,1.724354858398437500e+03,8.584438476562500000e+02,8.095274567604064941e-01,1.823780761718750000e+03,7.590180053710937500e+02,6.639848351478576660e-01,1.750131958007812500e+03,8.658087158203125000e+02,9.005028009414672852e-01,1.798003662109375000e+03,8.621262817382812500e+02,9.177526831626892090e-01,1.735402221679687500e+03,9.320926513671875000e+02,8.357481360435485840e-01,1.798003662109375000e+03,9.394575195312500000e+02,8.871496319770812988e-01,1.705942749023437500e+03,1.005741455078125000e+03,7.647522091865539551e-01,1.786956420898437500e+03,1.013106323242187500e+03,9.180941581726074219e-01,1.790638793945312500e+03,6.927340698242187500e+02,9.703890085220336914e-01,1.783273925781250000e+03,7.332409057617187500e+02,9.327878952026367188e-01,1.775909057617187500e+03,8.584438476562500000e+02,9.531069397926330566e-01,1.702260253906250000e+03,1.005741455078125000e+03,7.665078639984130859e-01,1.798003662109375000e+03,1.027836059570312500e+03,9.019327759742736816e-01,1.691212890625000000e+03,1.005741455078125000e+03,8.139789104461669922e-01,1.801686157226562500e+03,1.031518554687500000e+03,9.291759133338928223e-01,1.698577880859375000e+03,1.027836059570312500e+03,7.412779331207275391e-01,1.779591430664062500e+03,1.031518554687500000e+03,9.177539944648742676e-01,1.683627004594119171e+03,6.845471052153012579e+02,1.613074242961324671e+02,3.733019882741992888e+02,0.000000000000000000e+00,3.000000000000000000e+00,1.000000000000000000e+00
2.236600000000000000e+04,1.020000000000000000e+02,3.127000000000000000e+03,3.330000000000000000e+02,1.817939208984375000e+03,7.209453735351562500e+02,3.990080952644348145e-01,1.769934570312500000e+03,7.135600585937500000e+02,4.146966934204101562e-01,1.814246582031250000e+03,7.172527465820312500e+02,5.667003989219665527e-01,1.773627197265625000e+03,7.172527465820312500e+02,8.484377264976501465e-01,1.810553955078125000e+03,7.209453735351562500e+02,8.846985697746276855e-01,1.751471191406250000e+03,7.578721313476562500e+02,8.881936073303222656e-01,1.821631958007812500e+03,7.504867553710937500e+02,8.767543435096740723e-01,1.733007812500000000e+03,8.132622070312500000e+02,7.418378591537475586e-01,1.843787963867187500e+03,7.874135131835937500e+02,9.616930484771728516e-01,1.729315063476562500e+03,8.538815917968750000e+02,7.955330610275268555e-01,1.832709960937500000e+03,7.541794433593750000e+02,7.281888723373413086e-01,1.758856445312500000e+03,8.649596557617187500e+02,8.879452943801879883e-01,1.806861206054687500e+03,8.649596557617187500e+02,8.694247007369995117e-01,1.747778442382812500e+03,9.388131103515625000e+02,8.285078406333923340e-01,1.799475952148437500e+03,9.388131103515625000e+02,9.022915363311767578e-01,1.714544433593750000e+03,1.008973876953125000e+03,8.671233057975769043e-01,1.788397827148437500e+03,1.020051879882812500e+03,9.097312092781066895e-01,1.795783203125000000e+03,6.914039916992187500e+02,8.890486359596252441e-01,1.788397827148437500e+03,7.320234375000000000e+02,9.218622446060180664e-01,1.781012573242187500e+03,8.612669677734375000e+02,9.180368781089782715e-01,1.710851806640625000e+03,1.031129882812500000e+03,7.505648136138916016e-01,1.795783203125000000e+03,1.027437255859375000e+03,7.606518268585205078e-01,1.696081054687500000e+03,1.031129882812500000e+03,8.179497122764587402e-01,1.803168579101562500e+03,1.027437255859375000e+03,9.146993756294250488e-01,1.707159057617187500e+03,1.027437255859375000e+03,7.857061028480529785e-01,1.784705200195312500e+03,1.031129882812500000e+03,8.899610638618469238e-01,1.685986711460183869e+03,6.803672268723039451e+02,1.618277144656776727e+02,3.761817305328288512e+02,0.000000000000000000e+00,3.000000000000000000e+00,1.000000000000000000e+00
2.236700000000000000e+04,1.020000000000000000e+02,3.127000000000000000e+03,3.340000000000000000e+02,1.829493774414062500e+03,7.197579956054687500e+02,6.668815016746520996e-01,1.775337158203125000e+03,7.125371093750000000e+02,3.664256334304809570e-01,1.822272827148437500e+03,7.125371093750000000e+02,7.067512869834899902e-01,1.778947631835937500e+03,7.125371093750000000e+02,8.658675551414489746e-01,1.818662475585937500e+03,7.161475219726562500e+02,8.585003614425659180e-01,1.760895385742187500e+03,7.522518920898437500e+02,8.652557134628295898e-01,1.829493774414062500e+03,7.522518920898437500e+02,9.050602912902832031e-01,1.739232788085937500e+03,8.100189208984375000e+02,8.014312982559204102e-01,1.854766845703125000e+03,7.883563232421875000e+02,8.902555704116821289e-01,1.735622314453125000e+03,8.533441772460937500e+02,8.275194764137268066e-01,1.840325073242187500e+03,7.594727783203125000e+02,7.153494954109191895e-01,1.768116333007812500e+03,8.641754760742187500e+02,8.901581168174743652e-01,1.807831176757812500e+03,8.641754760742187500e+02,8.847733139991760254e-01,1.757285034179687500e+03,9.363842773437500000e+02,8.871551156044006348e-01,1.804220703125000000e+03,9.399946899414062500e+02,9.432144165039062500e-01,1.724791015625000000e+03,1.008593017578125000e+03,8.488041758537292480e-01,1.789778930664062500e+03,1.015813903808593750e+03,9.477202296257019043e-01,1.804220703125000000e+03,6.908744506835937500e+02,9.390949606895446777e-01,1.796999755859375000e+03,7.305892944335937500e+02,9.484332799911499023e-01,1.786168457031250000e+03,8.605650634765625000e+02,9.044672846794128418e-01,1.728401489257812500e+03,1.023034790039062500e+03,7.715498208999633789e-01,1.796999755859375000e+03,1.026645263671875000e+03,7.508763074874877930e-01,1.713959716796875000e+03,1.023034790039062500e+03,7.968146204948425293e-01,1.804220703125000000e+03,1.030255615234375000e+03,9.546576738357543945e-01,1.717570190429687500e+03,1.030255615234375000e+03,9.286881089210510254e-01,1.786168457031250000e+03,1.030255615234375000e+03,9.303882718086242676e-01,1.700580869990878909e+03,6.809873898078413959e+02,1.604177759008953217e+02,3.717439602379191683e+02,0.000000000000000000e+00,3.000000000000000000e+00,1.000000000000000000e+00
2.236800000000000000e+04,1.020000000000000000e+02,3.127000000000000000e+03,3.350000000000000000e+02,1.838302124023437500e+03,7.179806518554687500e+02,4.725316762924194336e-01,1.779742187500000000e+03,7.070006713867187500e+02,4.017050862312316895e-01,1.830982055664062500e+03,7.143206787109375000e+02,5.992905497550964355e-01,1.787062133789062500e+03,7.106607055664062500e+02,9.043485522270202637e-01,1.827322143554687500e+03,7.143206787109375000e+02,8.390464782714843750e-01,1.761442138671875000e+03,7.545806884765625000e+02,9.015435576438903809e-01,1.834642089843750000e+03,7.509206542968750000e+02,9.383908510208129883e-01,1.743142089843750000e+03,8.131406250000000000e+02,7.601912617683410645e-01,1.860262084960937500e+03,7.838606567382812500e+02,9.133903384208679199e-01,1.746802124023437500e+03,8.534006347656250000e+02,8.363804817199707031e-01,1.845622070312500000e+03,7.545806884765625000e+02,7.404297590255737305e-01,1.772422119140625000e+03,8.643806152343750000e+02,8.891883492469787598e-01,1.816342163085937500e+03,8.643806152343750000e+02,9.079531431198120117e-01,1.765102172851562500e+03,9.339205932617187500e+02,8.513251543045043945e-01,1.805362060546875000e+03,9.375805664062500000e+02,8.876882791519165039e-01,1.743142089843750000e+03,9.998005981445312500e+02,7.410069108009338379e-01,1.790722167968750000e+03,1.014440551757812500e+03,9.174515008926391602e-01,1.809022094726562500e+03,6.850407104492187500e+02,9.248297214508056641e-01,1.805362060546875000e+03,7.289606933593750000e+02,9.592606425285339355e-01,1.794382080078125000e+03,8.607206420898437500e+02,9.583529829978942871e-01,1.739482177734375000e+03,1.021760559082031250e+03,8.128377199172973633e-01,1.798042114257812500e+03,1.025420532226562500e+03,7.953518629074096680e-01,1.728502197265625000e+03,1.021760559082031250e+03,8.249319791793823242e-01,1.805362060546875000e+03,1.029080566406250000e+03,9.412906765937805176e-01,1.735822143554687500e+03,1.014440551757812500e+03,6.166027784347534180e-01,1.787062133789062500e+03,1.032740600585937500e+03,9.198917746543884277e-01,1.711201286973306878e+03,6.748075701224486238e+02,1.599919361157317326e+02,3.734544818832680448e+02,0.000000000000000000e+00,3.000000000000000000e+00,1.000000000000000000e+00
2.236900000000000000e+04,1.020000000000000000e+02,3.127000000000000000e+03,3.360000000000000000e+02,1.839995239257812500e+03,7.174400634765625000e+02,5.033498406410217285e-01,1.793632934570312500e+03,7.067410888671875000e+02,3.961609303951263428e-01,1.836428833007812500e+03,7.103074340820312500e+02,7.011672854423522949e-01,1.793632934570312500e+03,7.103074340820312500e+02,8.350346684455871582e-01,1.832862548828125000e+03,7.138737792968750000e+02,8.844686746597290039e-01,1.775801269531250000e+03,7.495370483398437500e+02,8.932135105133056641e-01,1.839995239257812500e+03,7.495370483398437500e+02,8.760724067687988281e-01,1.750837036132812500e+03,8.065982666015625000e+02,8.284121751785278320e-01,1.864959472656250000e+03,7.816339721679687500e+02,8.766120076179504395e-01,1.750837036132812500e+03,8.493942260742187500e+02,8.406743407249450684e-01,1.825729858398437500e+03,7.887666015625000000e+02,7.192736268043518066e-01,1.779367553710937500e+03,8.565268554687500000e+02,9.121993184089660645e-01,1.818597167968750000e+03,8.600932006835937500e+02,8.798332810401916504e-01,1.775801269531250000e+03,9.278533935546875000e+02,9.673887491226196289e-01,1.811464599609375000e+03,9.314197387695312500e+02,9.061067104339599609e-01,1.757969604492187500e+03,9.956136474609375000e+02,8.813216090202331543e-01,1.797199218750000000e+03,1.013445251464843750e+03,8.454210162162780762e-01,1.815030883789062500e+03,6.853431396484375000e+02,9.133737087249755859e-01,1.811464599609375000e+03,7.281390380859375000e+02,8.967337012290954590e-01,1.800765625000000000e+03,8.529605102539062500e+02,9.251060485839843750e-01,1.757969604492187500e+03,1.027710571289062500e+03,8.921661376953125000e-01,1.800765625000000000e+03,1.027710571289062500e+03,8.191124796867370605e-01,1.743704345703125000e+03,1.027710571289062500e+03,8.811426758766174316e-01,1.807898193359375000e+03,1.031276855468750000e+03,9.564643502235412598e-01,1.754403320312500000e+03,1.009878906250000000e+03,7.082708477973937988e-01,1.790066650390625000e+03,1.031276855468750000e+03,8.761955499649047852e-01,1.726889565505223118e+03,6.776445912312365181e+02,1.585017829244673067e+02,3.677764359454017722e+02,0.000000000000000000e+00,3.000000000000000000e+00,1.000000000000000000e+00
2.237000000000000000e+04,1.020000000000000000e+02,3.121000000000000000e+03,3.370000000000000000e+02,1.844758178710937500e+03,7.140537719726562500e+02,4.898404479026794434e-01,1.797129394531250000e+03,7.030625000000000000e+02,3.337962329387664795e-01,1.841094482421875000e+03,7.103900146484375000e+02,6.095472574234008789e-01,1.797129394531250000e+03,7.103900146484375000e+02,8.438196778297424316e-01,1.833766967773437500e+03,7.103900146484375000e+02,8.177319765090942383e-01,1.775146850585937500e+03,7.506913452148437500e+02,8.929594159126281738e-01,1.844758178710937500e+03,7.470275878906250000e+02,8.795266747474670410e-01,1.760491821289062500e+03,8.019838867187500000e+02,8.164799809455871582e-01,1.874068237304687500e+03,7.873288574218750000e+02,8.891816139221191406e-01,1.756828125000000000e+03,8.459489746093750000e+02,8.388493657112121582e-01,1.888723266601562500e+03,7.616826171875000000e+02,7.110586762428283691e-01,1.786138061523437500e+03,8.569402465820312500e+02,8.842890262603759766e-01,1.822775634765625000e+03,8.569402465820312500e+02,8.628842830657958984e-01,1.786138061523437500e+03,9.228878173828125000e+02,9.024362564086914062e-01,1.815448120117187500e+03,9.265515747070312500e+02,8.812341094017028809e-01,1.775146850585937500e+03,9.961629028320312500e+02,8.332560658454895020e-01,1.797129394531250000e+03,1.010817932128906250e+03,8.088792562484741211e-01,1.815448120117187500e+03,6.847437133789062500e+02,9.144976735115051270e-01,1.811784423828125000e+03,7.250450439453125000e+02,8.948372602462768555e-01,1.804456909179687500e+03,8.532764892578125000e+02,9.175163507461547852e-01,1.778810546875000000e+03,1.025472900390625000e+03,8.758740425109863281e-01,1.800793090820312500e+03,1.029136718750000000e+03,8.432657718658447266e-01,1.764155639648437500e+03,1.021809204101562500e+03,8.517403602600097656e-01,1.808120605468750000e+03,1.032800415039062500e+03,9.506445527076721191e-01,1.775146850585937500e+03,1.018145446777343750e+03,7.306299805641174316e-01,1.789801879882812500e+03,1.029136718750000000e+03,8.539677858352661133e-01,1.731590593477553512e+03,6.733445188505884289e+02,1.600562879905696718e+02,3.723001403038276749e+02,0.000000000000000000e+00,3.000000000000000000e+00,1.000000000000000000e+00
2.237100000000000000e+04,1.020000000000000000e+02,3.127000000000000000e+03,3.380000000000000000e+02,1.849912353515625000e+03,7.163558959960937500e+02,3.040148615837097168e-01,1.798423461914062500e+03,7.016447753906250000e+02,5.339588522911071777e-01,1.846234497070312500e+03,7.090003662109375000e+02,4.577147960662841797e-01,1.802101196289062500e+03,7.053225708007812500e+02,8.549677133560180664e-01,1.842556762695312500e+03,7.053225708007812500e+02,8.215312957763671875e-01,1.783712402343750000e+03,7.421003417968750000e+02,9.122760891914367676e-01,1.849912353515625000e+03,7.421003417968750000e+02,9.172088503837585449e-01,1.761645751953125000e+03,7.972669677734375000e+02,8.760820031166076660e-01,1.879334472656250000e+03,7.899113769531250000e+02,8.648331761360168457e-01,1.757967895507812500e+03,8.414002685546875000e+02,7.678370475769042969e-01,1.890367797851562500e+03,7.641669921875000000e+02,8.211220502853393555e-01,1.791067871093750000e+03,8.487557983398437500e+02,8.623602390289306641e-01,1.831523437500000000e+03,8.524335937500000000e+02,8.360183835029602051e-01,1.794745605468750000e+03,9.223112792968750000e+02,8.277410864830017090e-01,1.820490112304687500e+03,9.223112792968750000e+02,8.343435525894165039e-01,1.791067871093750000e+03,1.006900146484375000e+03,8.146178722381591797e-01,1.798423461914062500e+03,1.014255676269531250e+03,8.414696455001831055e-01,1.824167846679687500e+03,6.869337158203125000e+02,8.805260062217712402e-01,1.820490112304687500e+03,7.200336914062500000e+02,9.297400712966918945e-01,1.813134521484375000e+03,8.487557983398437500e+02,9.030565023422241211e-01,1.802101196289062500e+03,1.032644531250000000e+03,8.260757923126220703e-01,1.805779052734375000e+03,1.028966796875000000e+03,8.866041898727416992e-01,1.787390136718750000e+03,1.028966796875000000e+03,7.587743401527404785e-01,1.813134521484375000e+03,1.032644531250000000e+03,8.303145170211791992e-01,1.787390136718750000e+03,1.028966796875000000e+03,8.683993816375732422e-01,1.791067871093750000e+03,1.032644531250000000e+03,8.990705609321594238e-01,1.734341801868105449e+03,6.755934222627083727e+02,1.598556257026857566e+02,3.749551590973503608e+02,0.000000000000000000e+00,3.000000000000000000e+00,1.000000000000000000e+00
2.237200000000000000e+04,1.020000000000000000e+02,3.120000000000000000e+03,3.390000000000000000e+02,1.801273681640625000e+03,7.051264648437500000e+02,3.277783691883087158e-01,1.808453247070312500e+03,7.015366821289062500e+02,5.604376792907714844e-01,1.858710083007812500e+03,7.158957519531250000e+02,3.515237867832183838e-01,1.815632812500000000e+03,7.015366821289062500e+02,8.639498949050903320e-01,1.855120239257812500e+03,7.087162475585937500e+02,7.673243880271911621e-01,1.790504394531250000e+03,7.446139526367187500e+02,8.834745883941650391e-01,1.855120239257812500e+03,7.446139526367187500e+02,8.975976109504699707e-01,1.772555541992187500e+03,7.948707885742187500e+02,8.935203552246093750e-01,1.883838500976562500e+03,7.841014404296875000e+02,8.553915619850158691e-01,1.765375976562500000e+03,8.415377807617187500e+02,7.915328741073608398e-01,1.851530517578125000e+03,7.841014404296875000e+02,6.641468405723571777e-01,1.797683959960937500e+03,8.487173461914062500e+02,8.928111791610717773e-01,1.837171386718750000e+03,8.487173461914062500e+02,8.574758172035217285e-01,1.804863403320312500e+03,9.205128173828125000e+02,8.523781895637512207e-01,1.826402099609375000e+03,9.205128173828125000e+02,8.335570693016052246e-01,1.804863403320312500e+03,9.958980102539062500e+02,6.093872785568237305e-01,1.801273681640625000e+03,1.010257141113281250e+03,7.180572152137756348e-01,1.837171386718750000e+03,6.871776123046875000e+02,7.718337774276733398e-01,1.829991821289062500e+03,7.194855346679687500e+02,8.953112363815307617e-01,1.819222534179687500e+03,8.487173461914062500e+02,9.354951977729797363e-01,1.812042968750000000e+03,1.024616210937500000e+03,6.975164413452148438e-01,1.804863403320312500e+03,1.028205932617187500e+03,8.103707432746887207e-01,1.794094116210937500e+03,1.024616210937500000e+03,5.354460477828979492e-01,1.812042968750000000e+03,1.031795776367187500e+03,8.197423815727233887e-01,1.794094116210937500e+03,1.028205932617187500e+03,4.968731999397277832e-01,1.794094116210937500e+03,1.031795776367187500e+03,8.315054774284362793e-01,1.738237083599711013e+03,6.767790628081859268e+02,1.567919311051855402e+02,3.700356796202602254e+02,0.000000000000000000e+00,3.000000000000000000e+00,1.000000000000000000e+00
2.237300000000000000e+04,1.020000000000000000e+02,3.127000000000000000e+03,3.400000000000000000e+02,1.809762084960937500e+03,6.998289184570312500e+02,5.726111531257629395e-01,1.813500488281250000e+03,6.960905151367187500e+02,7.087321281433105469e-01,1.813500488281250000e+03,6.998289184570312500e+02,3.128526806831359863e-01,1.817238891601562500e+03,7.035673217773437500e+02,8.461703062057495117e-01,1.854622802734375000e+03,7.073057250976562500e+02,7.522771954536437988e-01,1.794808471679687500e+03,7.446896972656250000e+02,8.356971144676208496e-01,1.862099609375000000e+03,7.446896972656250000e+02,8.948446512222290039e-01,1.779854858398437500e+03,7.970273437500000000e+02,8.533735871315002441e-01,1.880791625976562500e+03,7.858121337890625000e+02,8.064072728157043457e-01,1.772378051757812500e+03,8.418881225585937500e+02,8.111132979393005371e-01,1.850884399414062500e+03,7.783353271484375000e+02,8.189528584480285645e-01,1.806023681640625000e+03,8.493649291992187500e+02,8.448469042778015137e-01,1.843407592773437500e+03,8.531033325195312500e+02,8.611051440238952637e-01,1.809762084960937500e+03,9.241329345703125000e+02,8.544659614562988281e-01,1.824715698242187500e+03,9.241329345703125000e+02,8.265738487243652344e-01,1.820977294921875000e+03,9.951625366210937500e+02,8.085978627204895020e-01,1.806023681640625000e+03,1.002639343261718750e+03,6.839703321456909180e-01,1.839669189453125000e+03,6.811369018554687500e+02,8.137927055358886719e-01,1.832192382812500000e+03,7.185209350585937500e+02,9.019184112548828125e-01,1.824715698242187500e+03,8.493649291992187500e+02,9.062545895576477051e-01,1.813500488281250000e+03,1.013854553222656250e+03,7.263093590736389160e-01,1.794808471679687500e+03,1.017592956542968750e+03,7.516050934791564941e-01,1.798546875000000000e+03,1.013854553222656250e+03,6.805425882339477539e-01,1.809762084960937500e+03,1.025069824218750000e+03,7.161081433296203613e-01,1.820977294921875000e+03,1.006377746582031250e+03,6.923704743385314941e-01,1.794808471679687500e+03,1.032546630859375000e+03,7.381946444511413574e-01,1.745769904723076479e+03,6.704754858612546968e+02,1.597683501052551946e+02,3.782839143384090903e+02,0.000000000000000000e+00,3.000000000000000000e+00,1.000000000000000000e+00
2.237400000000000000e+04,1.020000000000000000e+02,3.127000000000000000e+03,3.410000000000000000e+02,1.806150634765625000e+03,7.068214111328125000e+02,4.415404498577117920e-01,1.809809326171875000e+03,6.995040283203125000e+02,5.690461397171020508e-01,1.861030883789062500e+03,7.031627197265625000e+02,2.273287177085876465e-01,1.817126708984375000e+03,7.031627197265625000e+02,8.078463673591613770e-01,1.861030883789062500e+03,7.068214111328125000e+02,7.331291437149047852e-01,1.802491943359375000e+03,7.470669555664062500e+02,8.516565561294555664e-01,1.868348266601562500e+03,7.470669555664062500e+02,8.757066130638122559e-01,1.784198608398437500e+03,7.982885131835937500e+02,8.409659266471862793e-01,1.879324340820312500e+03,7.909711303710937500e+02,7.489351034164428711e-01,1.776881225585937500e+03,8.421926879882812500e+02,8.201319575309753418e-01,1.853713623046875000e+03,7.873124389648437500e+02,8.561859130859375000e-01,1.809809326171875000e+03,8.531687622070312500e+02,8.948041796684265137e-01,1.846396240234375000e+03,8.531687622070312500e+02,8.955892324447631836e-01,1.813468017578125000e+03,9.300010986328125000e+02,8.514017462730407715e-01,1.835420166015625000e+03,9.300010986328125000e+02,8.338174819946289062e-01,1.820785400390625000e+03,9.958574218750000000e+02,6.614153385162353516e-01,1.809809326171875000e+03,1.006833496093750000e+03,5.893301963806152344e-01,1.842737548828125000e+03,6.775519409179687500e+02,7.252412438392639160e-01,1.835420166015625000e+03,7.214561767578125000e+02,8.750708699226379395e-01,1.828102783203125000e+03,8.495100708007812500e+02,8.754689097404479980e-01,1.831761474609375000e+03,9.995161132812500000e+02,7.264356017112731934e-01,1.795174682617187500e+03,1.032444213867187500e+03,6.920763254165649414e-01,1.798833251953125000e+03,1.028785644531250000e+03,5.435832738876342773e-01,1.809809326171875000e+03,1.032444213867187500e+03,6.402826905250549316e-01,1.824444091796875000e+03,1.014150878906250000e+03,6.381762027740478516e-01,1.802491943359375000e+03,1.025126953125000000e+03,6.887871026992797852e-01,1.749268084773256305e+03,6.683857384067845260e+02,1.586615977791152545e+02,3.759975510773762153e+02,0.000000000000000000e+00,3.000000000000000000e+00,1.000000000000000000e+00
2.237500000000000000e+04,1.020000000000000000e+02,3.130000000000000000e+03,3.420000000000000000e+02,1.819772094726562500e+03,7.031719360351562500e+02,2.519545853137969971e-01,1.830726928710937500e+03,6.958687133789062500e+02,4.030979573726654053e-01,1.878197753906250000e+03,7.068235473632812500e+02,3.368142843246459961e-01,1.834378540039062500e+03,6.995203247070312500e+02,7.895486950874328613e-01,1.874546142578125000e+03,7.068235473632812500e+02,7.999632954597473145e-01,1.812468872070312500e+03,7.433395385742187500e+02,8.944658637046813965e-01,1.878197753906250000e+03,7.506427001953125000e+02,9.091339707374572754e-01,1.790559326171875000e+03,7.944619140625000000e+02,8.960666656494140625e-01,1.892804077148437500e+03,7.835070800781250000e+02,8.041843175888061523e-01,1.779604492187500000e+03,8.419326782226562500e+02,7.736757993698120117e-01,1.859939697265625000e+03,7.798554687500000000e+02,8.191742897033691406e-01,1.816120483398437500e+03,8.528874511718750000e+02,9.187408089637756348e-01,1.852636474609375000e+03,8.528874511718750000e+02,8.658505082130432129e-01,1.816120483398437500e+03,9.259194335937500000e+02,8.665199279785156250e-01,1.841681762695312500e+03,9.259194335937500000e+02,8.474571704864501953e-01,1.827075317382812500e+03,9.916481933593750000e+02,6.586341261863708496e-01,1.827075317382812500e+03,9.952998046875000000e+02,5.861353278160095215e-01,1.859939697265625000e+03,6.703075561523437500e+02,8.082587718963623047e-01,1.848984863281250000e+03,7.214299316406250000e+02,9.034225940704345703e-01,1.834378540039062500e+03,8.492359008789062500e+02,9.173749685287475586e-01,1.841681762695312500e+03,9.952998046875000000e+02,8.325053453445434570e-01,1.812468872070312500e+03,1.020861022949218750e+03,5.728929042816162109e-01,1.827075317382812500e+03,1.002603027343750000e+03,4.741196930408477783e-01,1.845333374023437500e+03,9.952998046875000000e+02,5.970830321311950684e-01,1.823423706054687500e+03,1.017209411621093750e+03,5.462949872016906738e-01,1.797862548828125000e+03,1.028164184570312500e+03,5.574205517768859863e-01,1.752370107320238503e+03,6.700828651403961658e+02,1.575343807962710798e+02,3.746289101605540282e+02,0.000000000000000000e+00,3.000000000000000000e+00,1.000000000000000000e+00
2.237600000000000000e+04,1.020000000000000000e+02,3.127000000000000000e+03,3.430000000000000000e+02,1.821156250000000000e+03,7.025848388671875000e+02,4.174391329288482666e-01,1.832136108398437500e+03,6.952648925781250000e+02,5.626031160354614258e-01,1.883375732421875000e+03,7.099047851562500000e+02,3.443623185157775879e-01,1.835796142578125000e+03,7.025848388671875000e+02,8.377465605735778809e-01,1.879715698242187500e+03,7.099047851562500000e+02,7.760161757469177246e-01,1.813836303710937500e+03,7.501644897460937500e+02,8.558667898178100586e-01,1.883375732421875000e+03,7.538244628906250000e+02,9.079799056053161621e-01,1.791876464843750000e+03,8.014040527343750000e+02,8.514477014541625977e-01,1.890695678710937500e+03,7.940841064453125000e+02,6.213800907135009766e-01,1.788216430664062500e+03,8.489837036132812500e+02,7.664867639541625977e-01,1.861415893554687500e+03,7.867641601562500000e+02,4.808045327663421631e-01,1.821156250000000000e+03,8.599636230468750000e+02,8.829246759414672852e-01,1.857755981445312500e+03,8.599636230468750000e+02,8.616003990173339844e-01,1.821156250000000000e+03,9.295030517578125000e+02,8.524126410484313965e-01,1.843116088867187500e+03,9.295030517578125000e+02,8.488343954086303711e-01,1.802856323242187500e+03,1.017342346191406250e+03,5.933316946029663086e-01,1.835796142578125000e+03,9.990424804687500000e+02,6.611458063125610352e-01,1.861415893554687500e+03,6.769650878906250000e+02,7.828260064125061035e-01,1.854095947265625000e+03,7.245446777343750000e+02,8.811866044998168945e-01,1.839456054687500000e+03,8.563036499023437500e+02,8.994872570037841797e-01,1.817496215820312500e+03,1.024662231445312500e+03,6.759245991706848145e-01,1.828476196289062500e+03,1.002702453613281250e+03,7.504220008850097656e-01,1.799196411132812500e+03,1.024662231445312500e+03,6.351007819175720215e-01,1.846776000976562500e+03,1.002702453613281250e+03,6.109236478805541992e-01,1.799196411132812500e+03,1.035642211914062500e+03,6.968111395835876465e-01,1.835796142578125000e+03,1.013682373046875000e+03,6.397013664245605469e-01,1.754558640315136017e+03,6.727387829322452717e+02,1.564065522364935532e+02,3.746811104740949077e+02,0.000000000000000000e+00,3.000000000000000000e+00,1.000000000000000000e+00
2.237700000000000000e+04,1.020000000000000000e+02,3.109000000000000000e+03,3.440000000000000000e+02,1.834120605468750000e+03,7.142074584960937500e+02,2.806998789310455322e-01,1.841312866210937500e+03,7.070151977539062500e+02,5.117810368537902832e-01,1.884466308593750000e+03,7.178035278320312500e+02,3.980272412300109863e-01,1.844908935546875000e+03,7.070151977539062500e+02,8.697823286056518555e-01,1.884466308593750000e+03,7.142074584960937500e+02,8.056184053421020508e-01,1.819736206054687500e+03,7.573608398437500000e+02,8.417226076126098633e-01,1.888062377929687500e+03,7.573608398437500000e+02,8.201387524604797363e-01,1.794563354492187500e+03,8.077064819335937500e+02,8.194365501403808594e-01,1.906042968750000000e+03,7.897258911132812500e+02,5.378093719482421875e-01,1.798159423828125000e+03,8.544559936523437500e+02,6.806923151016235352e-01,1.880870117187500000e+03,8.580521240234375000e+02,3.184236586093902588e-01,1.823332275390625000e+03,8.688405151367187500e+02,8.527518510818481445e-01,1.859293457031250000e+03,8.688405151367187500e+02,7.977641224861145020e-01,1.823332275390625000e+03,9.371667480468750000e+02,8.205327987670898438e-01,1.841312866210937500e+03,9.335706176757812500e+02,7.550859451293945312e-01,1.837716796875000000e+03,1.001896850585937500e+03,5.803877115249633789e-01,1.808947875976562500e+03,1.016281311035156250e+03,6.114520430564880371e-01,1.870081787109375000e+03,6.818423461914062500e+02,7.832829356193542480e-01,1.859293457031250000e+03,7.285919189453125000e+02,8.920277357101440430e-01,1.841312866210937500e+03,8.652443847656250000e+02,8.712946772575378418e-01,1.848505126953125000e+03,1.009089050292968750e+03,6.940698623657226562e-01,1.805351684570312500e+03,1.027069702148437500e+03,8.296056389808654785e-01,1.834120605468750000e+03,1.012685180664062500e+03,5.514072775840759277e-01,1.812543945312500000e+03,1.030665771484375000e+03,7.508298158645629883e-01,1.841312866210937500e+03,1.012685180664062500e+03,7.448444366455078125e-01,1.801755615234375000e+03,1.034261962890625000e+03,8.325378894805908203e-01,1.760322784504269066e+03,6.817635227029013549e+02,1.530508045698268234e+02,3.703846926791552505e+02,0.000000000000000000e+00,3.000000000000000000e+00,1.000000000000000000e+00
2.237800000000000000e+04,1.020000000000000000e+02,3.109000000000000000e+03,3.450000000000000000e+02,1.832433349609375000e+03,7.131335449218750000e+02,1.563653051853179932e-01,1.839437866210937500e+03,7.026267089843750000e+02,3.241602778434753418e-01,1.888470092773437500e+03,7.096312866210937500e+02,3.081924915313720703e-01,1.846442504882812500e+03,7.026267089843750000e+02,8.208979964256286621e-01,1.888470092773437500e+03,7.131335449218750000e+02,7.180221676826477051e-01,1.825428710937500000e+03,7.516588745117187500e+02,7.720715999603271484e-01,1.891972412109375000e+03,7.551611328125000000e+02,7.628886103630065918e-01,1.800912597656250000e+03,8.076956787109375000e+02,7.634337544441223145e-01,1.905981567382812500e+03,7.866818847656250000e+02,5.940969586372375488e-01,1.800912597656250000e+03,8.497232666015625000e+02,6.640917658805847168e-01,1.898977050781250000e+03,7.621657714843750000e+02,2.590449154376983643e-01,1.832433349609375000e+03,8.602301025390625000e+02,7.883307337760925293e-01,1.867456298828125000e+03,8.602301025390625000e+02,7.691558003425598145e-01,1.828931030273437500e+03,9.232714843750000000e+02,7.629677057266235352e-01,1.846442504882812500e+03,9.267738037109375000e+02,7.276780605316162109e-01,1.842940185546875000e+03,9.968198242187500000e+02,6.845127344131469727e-01,1.814921875000000000e+03,1.007326660156250000e+03,6.470844745635986328e-01,1.870958618164062500e+03,6.816129150390625000e+02,7.550366520881652832e-01,1.863953979492187500e+03,7.271427612304687500e+02,8.215135931968688965e-01,1.849944824218750000e+03,8.567278442382812500e+02,8.254951834678649902e-01,1.839437866210937500e+03,1.010828979492187500e+03,6.804395318031311035e-01,1.793908081054687500e+03,1.021335876464843750e+03,8.928386569023132324e-01,1.835935668945312500e+03,1.010828979492187500e+03,5.195669531822204590e-01,1.807917236328125000e+03,1.024838134765625000e+03,6.967276334762573242e-01,1.846442504882812500e+03,1.014331298828125000e+03,7.595587968826293945e-01,1.807917236328125000e+03,1.031842773437500000e+03,8.269789218902587891e-01,1.765193607350222919e+03,6.919244496418233439e+02,1.482525886748376251e+02,3.623884510639617247e+02,0.000000000000000000e+00,3.000000000000000000e+00,1.000000000000000000e+00
2.237900000000000000e+04,1.020000000000000000e+02,3.115000000000000000e+03,3.460000000000000000e+02,1.839279174804687500e+03,7.103627319335937500e+02,1.750202775001525879e-01,1.842817749023437500e+03,7.032855834960937500e+02,4.477101266384124756e-01,1.892357910156250000e+03,7.068241577148437500e+02,3.925665616989135742e-01,1.846356323242187500e+03,6.997470092773437500e+02,9.060767292976379395e-01,1.892357910156250000e+03,7.068241577148437500e+02,7.928000092506408691e-01,1.828663452148437500e+03,7.528256835937500000e+02,8.452436327934265137e-01,1.895896484375000000e+03,7.563642578125000000e+02,8.659021854400634766e-01,1.807432006835937500e+03,8.059043579101562500e+02,7.842824459075927734e-01,1.902973632812500000e+03,7.917500610351562500e+02,7.389816641807556152e-01,1.807432006835937500e+03,8.519058837890625000e+02,7.833141088485717773e-01,1.874664916992187500e+03,7.846729125976562500e+02,6.196225285530090332e-01,1.832202026367187500e+03,8.625216674804687500e+02,7.972621321678161621e-01,1.871126342773437500e+03,8.625216674804687500e+02,8.113158345222473145e-01,1.835740600585937500e+03,9.262160644531250000e+02,8.103652000427246094e-01,1.849894897460937500e+03,9.297546386718750000e+02,7.783270478248596191e-01,1.842817749023437500e+03,1.000526245117187500e+03,7.398129105567932129e-01,1.818047729492187500e+03,1.004064819335937500e+03,7.366138696670532227e-01,1.871126342773437500e+03,6.714383544921875000e+02,8.103428483009338379e-01,1.867587768554687500e+03,7.245170288085937500e+02,8.704655170440673828e-01,1.853433471679687500e+03,8.589830932617187500e+02,8.573980331420898438e-01,1.842817749023437500e+03,1.014680541992187500e+03,6.277312636375427246e-01,1.800354858398437500e+03,1.014680541992187500e+03,8.508846163749694824e-01,1.835740600585937500e+03,1.014680541992187500e+03,6.216740608215332031e-01,1.814509155273437500e+03,1.025296264648437500e+03,7.133412361145019531e-01,1.846356323242187500e+03,1.011141967773437500e+03,7.540783286094665527e-01,1.810970581054687500e+03,1.025296264648437500e+03,8.353585600852966309e-01,1.769180004524013839e+03,6.961009064505944934e+02,1.461342897680553961e+02,3.618959728970537526e+02,0.000000000000000000e+00,3.000000000000000000e+00,1.000000000000000000e+00
2.238000000000000000e+04,1.020000000000000000e+02,3.115000000000000000e+03,3.470000000000000000e+02,1.840007568359375000e+03,7.046381835937500000e+02,1.689553558826446533e-01,1.843442382812500000e+03,7.012033081054687500e+02,4.035319685935974121e-01,1.888095581054687500e+03,7.115079345703125000e+02,3.265055716037750244e-01,1.846877319335937500e+03,7.046381835937500000e+02,7.847274541854858398e-01,1.888095581054687500e+03,7.080730590820312500e+02,7.325476408004760742e-01,1.833137817382812500e+03,7.458565063476562500e+02,8.167958855628967285e-01,1.891530517578125000e+03,7.492913818359375000e+02,8.400095701217651367e-01,1.815963500976562500e+03,8.008142700195312500e+02,7.520921230316162109e-01,1.905269897460937500e+03,7.905097045898437500e+02,8.003918528556823730e-01,1.809093872070312500e+03,8.454674682617187500e+02,6.534245014190673828e-01,1.881225952148437500e+03,7.767702636718750000e+02,6.053718924522399902e-01,1.840007568359375000e+03,8.489023437500000000e+02,7.557722330093383789e-01,1.874356201171875000e+03,8.489023437500000000e+02,7.631211280822753906e-01,1.840007568359375000e+03,9.210343627929687500e+02,7.746703028678894043e-01,1.853747070312500000e+03,9.279041137695312500e+02,7.770791649818420410e-01,1.846877319335937500e+03,1.003471008300781250e+03,8.403787612915039062e-01,1.822833251953125000e+03,9.931664428710937500e+02,8.016762137413024902e-01,1.870921264648437500e+03,6.737244262695312500e+02,6.805137395858764648e-01,1.867486450195312500e+03,7.252473754882812500e+02,8.637001514434814453e-01,1.857181884765625000e+03,8.489023437500000000e+02,7.598918676376342773e-01,1.853747070312500000e+03,1.017210449218750000e+03,5.763002038002014160e-01,1.805658935546875000e+03,1.030949951171875000e+03,6.579475402832031250e-01,1.836572753906250000e+03,1.024080200195312500e+03,6.133024692535400391e-01,1.822833251953125000e+03,1.034384765625000000e+03,8.809524178504943848e-01,1.850312133789062500e+03,1.010340759277343750e+03,8.708859086036682129e-01,1.815963500976562500e+03,1.003471008300781250e+03,7.756783962249755859e-01,1.777558498689952330e+03,7.008781161689307737e+02,1.412107675847737482e+02,3.547039947354462583e+02,0.000000000000000000e+00,3.000000000000000000e+00,1.000000000000000000e+00
2.238100000000000000e+04,1.020000000000000000e+02,3.121000000000000000e+03,3.490000000000000000e+02,1.843828125000000000e+03,7.081896972656250000e+02,2.081388384103775024e-01,1.847047241210937500e+03,6.985326538085937500e+02,3.786817789077758789e-01,1.901770385742187500e+03,7.114086914062500000e+02,2.358744591474533081e-01,1.853485229492187500e+03,7.049707031250000000e+02,7.023776173591613770e-01,1.898551391601562500e+03,7.114086914062500000e+02,6.749436259269714355e-01,1.843828125000000000e+03,7.532559204101562500e+02,8.038253784179687500e-01,1.901770385742187500e+03,7.500368652343750000e+02,5.529673695564270020e-01,1.818076049804687500e+03,8.176362304687500000e+02,6.394340395927429199e-01,1.821295043945312500e+03,8.111981811523437500e+02,4.645021855831146240e-01,1.814857055664062500e+03,8.466072998046875000e+02,7.028219699859619141e-01,1.821295043945312500e+03,8.466072998046875000e+02,6.123687028884887695e-01,1.850266235351562500e+03,8.594833984375000000e+02,6.666272878646850586e-01,1.882456298828125000e+03,8.627023925781250000e+02,6.016736030578613281e-01,1.843828125000000000e+03,9.303016967773437500e+02,6.964443922042846680e-01,1.859923217773437500e+03,9.270827026367187500e+02,6.661990284919738770e-01,1.843828125000000000e+03,9.979010009765625000e+02,7.079798579216003418e-01,1.843828125000000000e+03,9.946820068359375000e+02,7.539963722229003906e-01,1.876018310546875000e+03,6.792185668945312500e+02,6.219058632850646973e-01,1.876018310546875000e+03,7.242847900390625000e+02,7.836452126502990723e-01,1.866361328125000000e+03,8.562644042968750000e+02,7.174047827720642090e-01,1.853485229492187500e+03,1.010777099609375000e+03,7.102362513542175293e-01,1.834171142578125000e+03,1.004339050292968750e+03,6.356824636459350586e-01,1.837390136718750000e+03,1.010777099609375000e+03,7.319796681404113770e-01,1.856704223632812500e+03,1.010777099609375000e+03,6.498610973358154297e-01,1.840609130859375000e+03,1.017215087890625000e+03,7.472237348556518555e-01,1.840609130859375000e+03,1.010777099609375000e+03,7.863847613334655762e-01,1.789975308773152392e+03,7.056692147806103321e+02,1.316936449702959635e+02,3.345806037811724991e+02,0.000000000000000000e+00,3.000000000000000000e+00,1.000000000000000000e+00
2.238200000000000000e+04,1.020000000000000000e+02,3.115000000000000000e+03,3.500000000000000000e+02,1.846329589843750000e+03,7.115466918945312500e+02,3.941033184528350830e-01,1.849479370117187500e+03,7.052473144531250000e+02,4.710198640823364258e-01,1.849479370117187500e+03,7.052473144531250000e+02,1.877540200948715210e-01,1.852629028320312500e+03,7.083970336914062500e+02,6.547964215278625488e-01,1.899874145507812500e+03,7.146963500976562500e+02,5.394028425216674805e-01,1.846329589843750000e+03,7.556421508789062500e+02,7.447146773338317871e-01,1.903023803710937500e+03,7.493427734375000000e+02,4.108931124210357666e-01,1.808533569335937500e+03,8.343840332031250000e+02,7.926511168479919434e-01,1.808533569335937500e+03,8.343840332031250000e+02,6.499578952789306641e-01,1.833730957031250000e+03,8.501324462890625000e+02,7.099633216857910156e-01,1.836880615234375000e+03,8.501324462890625000e+02,5.952792763710021973e-01,1.858928344726562500e+03,8.690305175781250000e+02,6.777241826057434082e-01,1.893574829101562500e+03,8.658807983398437500e+02,5.712286829948425293e-01,1.855778686523437500e+03,9.446227416992187500e+02,6.010351777076721191e-01,1.865227661132812500e+03,9.383233642578125000e+02,5.177981257438659668e-01,1.852629028320312500e+03,1.001316894531250000e+03,6.311925053596496582e-01,1.849479370117187500e+03,9.950175170898437500e+02,6.525408625602722168e-01,1.877826416015625000e+03,6.894989624023437500e+02,5.308277010917663574e-01,1.877826416015625000e+03,7.272950439453125000e+02,7.704331874847412109e-01,1.877826416015625000e+03,8.627311401367187500e+02,7.201597690582275391e-01,1.858928344726562500e+03,1.013915588378906250e+03,7.503330707550048828e-01,1.843179931640625000e+03,1.013915588378906250e+03,6.551244258880615234e-01,1.846329589843750000e+03,1.013915588378906250e+03,7.539770603179931641e-01,1.855778686523437500e+03,1.017065246582031250e+03,7.311899065971374512e-01,1.849479370117187500e+03,1.013915588378906250e+03,5.885026454925537109e-01,1.843179931640625000e+03,1.007616210937500000e+03,7.093566656112670898e-01,1.794967222664237624e+03,7.108666189014559222e+02,1.268160815928290504e+02,3.256031940876612225e+02,0.000000000000000000e+00,3.000000000000000000e+00,1.000000000000000000e+00
2.238300000000000000e+04,1.020000000000000000e+02,3.122000000000000000e+03,3.510000000000000000e+02,1.851728393554687500e+03,7.072806396484375000e+02,4.886664152145385742e-01,1.851728393554687500e+03,6.944234619140625000e+02,5.286275744438171387e-01,1.851728393554687500e+03,6.944234619140625000e+02,2.156575918197631836e-01,1.858156982421875000e+03,7.040663452148437500e+02,6.487159132957458496e-01,1.909585571289062500e+03,7.008520507812500000e+02,5.050069689750671387e-01,1.854942749023437500e+03,7.522806396484375000e+02,8.350444436073303223e-01,1.909585571289062500e+03,7.490663452148437500e+02,3.324858546257019043e-01,1.816371337890625000e+03,8.326378173828125000e+02,8.861011862754821777e-01,1.816371337890625000e+03,8.294235229492187500e+02,6.905213594436645508e-01,1.842085571289062500e+03,8.454949951171875000e+02,6.959617733955383301e-01,1.851728393554687500e+03,8.422807006835937500e+02,4.756518304347991943e-01,1.864585571289062500e+03,8.808521118164062500e+02,7.845260500907897949e-01,1.903156982421875000e+03,8.808521118164062500e+02,6.486400365829467773e-01,1.858156982421875000e+03,9.612092895507812500e+02,4.949657618999481201e-01,1.864585571289062500e+03,9.612092895507812500e+02,4.900766015052795410e-01,1.854942749023437500e+03,1.015852172851562500e+03,7.037619352340698242e-01,1.851728393554687500e+03,1.015852172851562500e+03,6.451358199119567871e-01,1.879049926757812500e+03,6.735306396484375000e+02,6.934456825256347656e-01,1.890299926757812500e+03,7.233520507812500000e+02,8.651292324066162109e-01,1.887085571289062500e+03,8.744235229492187500e+02,7.745578289031982422e-01,1.864585571289062500e+03,1.022280761718750000e+03,7.178943157196044922e-01,1.854942749023437500e+03,1.019066467285156250e+03,6.383989453315734863e-01,1.858156982421875000e+03,1.019066467285156250e+03,6.500079035758972168e-01,1.861371337890625000e+03,1.022280761718750000e+03,6.817671060562133789e-01,1.848514160156250000e+03,1.028709350585937500e+03,5.755732655525207520e-01,1.845299926757812500e+03,1.028709350585937500e+03,4.433487653732299805e-01,1.797880903184419140e+03,7.097204559376473298e+02,1.258298324763970868e+02,3.270861748805516527e+02,0.000000000000000000e+00,3.000000000000000000e+00,1.000000000000000000e+00
2.238400000000000000e+04,1.020000000000000000e+02,3.106000000000000000e+03,3.520000000000000000e+02,1.852131347656250000e+03,7.058824462890625000e+02,4.989607632160186768e-01,1.852131347656250000e+03,6.989547119140625000e+02,5.382497906684875488e-01,1.859059082031250000e+03,6.954908447265625000e+02,2.123165726661682129e-01,1.862522949218750000e+03,6.989547119140625000e+02,7.331505417823791504e-01,1.914480590820312500e+03,6.989547119140625000e+02,6.812069416046142578e-01,1.855595214843750000e+03,7.509124145507812500e+02,8.369681835174560547e-01,1.911016845703125000e+03,7.439847412109375000e+02,6.305028200149536133e-01,1.820956787109375000e+03,8.236531982421875000e+02,8.276844024658203125e-01,1.917944458007812500e+03,8.063339843750000000e+02,3.979367911815643311e-01,1.841739868164062500e+03,8.444362792968750000e+02,7.696624994277954102e-01,1.907552978515625000e+03,8.375086059570312500e+02,3.771767616271972656e-01,1.862522949218750000e+03,8.652193603515625000e+02,8.337389230728149414e-01,1.904089111328125000e+03,8.686832275390625000e+02,7.946091890335083008e-01,1.855595214843750000e+03,9.414240112304687500e+02,7.267323732376098633e-01,1.879842163085937500e+03,9.414240112304687500e+02,7.641574144363403320e-01,1.855595214843750000e+03,1.000309387207031250e+03,7.006809115409851074e-01,1.869450683593750000e+03,9.968455810546875000e+02,7.678475975990295410e-01,1.883306030273437500e+03,6.677800903320312500e+02,8.058421015739440918e-01,1.890233764648437500e+03,7.197377929687500000e+02,8.510928153991699219e-01,1.883306030273437500e+03,8.617554931640625000e+02,8.001858592033386230e-01,1.862522949218750000e+03,1.017628662109375000e+03,8.575907349586486816e-01,1.855595214843750000e+03,1.017628662109375000e+03,7.693887948989868164e-01,1.841739868164062500e+03,1.021092468261718750e+03,8.519462943077087402e-01,1.876378295898437500e+03,1.017628662109375000e+03,7.794441580772399902e-01,1.859059082031250000e+03,1.014164794921875000e+03,6.381152272224426270e-01,1.865986816406250000e+03,1.014164794921875000e+03,7.816464900970458984e-01,1.796965852670268532e+03,6.967925676510833455e+02,1.305180874954594401e+02,3.447802504647231672e+02,0.000000000000000000e+00,3.000000000000000000e+00,1.000000000000000000e+00
2.238500000000000000e+04,1.020000000000000000e+02,3.120000000000000000e+03,3.530000000000000000e+02,1.845104736328125000e+03,7.139485473632812500e+02,4.159180223941802979e-01,1.848300048828125000e+03,7.043624877929687500e+02,3.802618980407714844e-01,1.848300048828125000e+03,7.075578613281250000e+02,1.110715493559837341e-01,1.861081542968750000e+03,7.043624877929687500e+02,6.114992499351501465e-01,1.912207153320312500e+03,7.043624877929687500e+02,6.091459989547729492e-01,1.864276855468750000e+03,7.490974121093750000e+02,7.562820911407470703e-01,1.905816406250000000e+03,7.490974121093750000e+02,3.252641260623931885e-01,1.822737304687500000e+03,8.257858886718750000e+02,8.765420317649841309e-01,1.825932617187500000e+03,8.225905761718750000e+02,3.329740762710571289e-01,1.848300048828125000e+03,8.481533813476562500e+02,7.836879491806030273e-01,1.857886230468750000e+03,8.481533813476562500e+02,3.743836879730224609e-01,1.867472167968750000e+03,8.673255004882812500e+02,7.720403075218200684e-01,1.902621093750000000e+03,8.705208740234375000e+02,7.491956949234008789e-01,1.861081542968750000e+03,9.376232910156250000e+02,7.918754816055297852e-01,1.893035034179687500e+03,9.376232910156250000e+02,8.197557926177978516e-01,1.851495483398437500e+03,1.004725708007812500e+03,8.705286979675292969e-01,1.883448974609375000e+03,1.001530334472656250e+03,8.705739974975585938e-01,1.881851318359375000e+03,6.644205932617187500e+02,6.933964490890502930e-01,1.893035034179687500e+03,7.235346069335937500e+02,8.396307826042175293e-01,1.886644287109375000e+03,8.673255004882812500e+02,8.018529415130615234e-01,1.861081542968750000e+03,1.007921020507812500e+03,9.287467002868652344e-01,1.880253662109375000e+03,1.007921020507812500e+03,8.545166850090026855e-01,1.845104736328125000e+03,1.007921020507812500e+03,9.110485911369323730e-01,1.889839721679687500e+03,1.011116394042968750e+03,9.328929185867309570e-01,1.851495483398437500e+03,1.017507080078125000e+03,7.522354722023010254e-01,1.880253662109375000e+03,1.014311767578125000e+03,8.575801253318786621e-01,1.801489130644053603e+03,6.981109647367012485e+02,1.248153986376614739e+02,3.333632014311793910e+02,0.000000000000000000e+00,3.000000000000000000e+00,1.000000000000000000e+00
2.238600000000000000e+04,1.020000000000000000e+02,3.120000000000000000e+03,3.540000000000000000e+02,1.852778686523437500e+03,7.198188476562500000e+02,2.766058444976806641e-01,1.852778686523437500e+03,7.081334228515625000e+02,2.510786056518554688e-01,1.855700073242187500e+03,7.110548095703125000e+02,1.016684472560882568e-01,1.861542724609375000e+03,7.081334228515625000e+02,4.700517058372497559e-01,1.911205810546875000e+03,7.052120971679687500e+02,4.720659255981445312e-01,1.861542724609375000e+03,7.548751220703125000e+02,6.768414974212646484e-01,1.861542724609375000e+03,7.548751220703125000e+02,3.118723630905151367e-01,1.826486450195312500e+03,8.279090576171875000e+02,8.711327910423278809e-01,1.829407836914062500e+03,8.249876708984375000e+02,6.665252447128295898e-01,1.855700073242187500e+03,8.454371948242187500e+02,7.770748138427734375e-01,1.858621459960937500e+03,8.454371948242187500e+02,6.020050644874572754e-01,1.870306884765625000e+03,8.717293701171875000e+02,8.013792634010314941e-01,1.908284423828125000e+03,8.717293701171875000e+02,7.558571696281433105e-01,1.861542724609375000e+03,9.359992065429687500e+02,7.706459760665893555e-01,1.902441772460937500e+03,9.330778808593750000e+02,8.068874478340148926e-01,1.852778686523437500e+03,1.006111755371093750e+03,8.700121641159057617e-01,1.893677734375000000e+03,1.000269042968750000e+03,9.321767687797546387e-01,1.883452880859375000e+03,6.862232666015625000e+02,5.486801862716674805e-01,1.893677734375000000e+03,7.285829467773437500e+02,8.562554717063903809e-01,1.890756347656250000e+03,8.688080444335937500e+02,7.832292318344116211e-01,1.861542724609375000e+03,1.006111755371093750e+03,1.013956427574157715e+00,1.893677734375000000e+03,1.003190429687500000e+03,8.418360352516174316e-01,1.849857299804687500e+03,1.006111755371093750e+03,9.593480825424194336e-01,1.905363159179687500e+03,1.006111755371093750e+03,8.800711631774902344e-01,1.849857299804687500e+03,1.017797180175781250e+03,7.438904047012329102e-01,1.893677734375000000e+03,1.014875854492187500e+03,8.217632174491882324e-01,1.808727034941177180e+03,7.151741219385157819e+02,1.154999388671064935e+02,3.100681954975098051e+02,0.000000000000000000e+00,3.000000000000000000e+00,1.000000000000000000e+00
2.238700000000000000e+04,1.020000000000000000e+02,3.120000000000000000e+03,3.550000000000000000e+02,1.856810791015625000e+03,7.369897460937500000e+02,4.389959573745727539e-01,1.856810791015625000e+03,7.255880126953125000e+02,3.634179532527923584e-01,1.856810791015625000e+03,7.255880126953125000e+02,2.172696441411972046e-01,1.871062988281250000e+03,7.198871459960937500e+02,4.660829901695251465e-01,1.910968994140625000e+03,7.198871459960937500e+02,4.819103181362152100e-01,1.868212524414062500e+03,7.540922851562500000e+02,6.117792725563049316e-01,1.865362182617187500e+03,7.540922851562500000e+02,2.931352555751800537e-01,1.834007446289062500e+03,8.253530883789062500e+02,7.723722457885742188e-01,1.836857788085937500e+03,8.196522216796875000e+02,6.177758574485778809e-01,1.856810791015625000e+03,8.424556884765625000e+02,6.765154004096984863e-01,1.859661254882812500e+03,8.424556884765625000e+02,6.431266069412231445e-01,1.876763916015625000e+03,8.624086914062500000e+02,7.658799290657043457e-01,1.908118652343750000e+03,8.624086914062500000e+02,6.990377306938171387e-01,1.865362182617187500e+03,9.251181640625000000e+02,7.461947798728942871e-01,1.910968994140625000e+03,9.251181640625000000e+02,7.941924929618835449e-01,1.853960449218750000e+03,1.002079772949218750e+03,9.457899928092956543e-01,1.905268188476562500e+03,9.963789062500000000e+02,8.897522091865539551e-01,1.883889892578125000e+03,6.899576416015625000e+02,5.228807926177978516e-01,1.893866455078125000e+03,7.312888793945312500e+02,7.844172120094299316e-01,1.896716918945312500e+03,8.567078247070312500e+02,8.000924587249755859e-01,1.865362182617187500e+03,1.010631103515625000e+03,8.251372575759887695e-01,1.905268188476562500e+03,1.007780639648437500e+03,8.412451148033142090e-01,1.848259521484375000e+03,1.004930236816406250e+03,6.950120329856872559e-01,1.913819458007812500e+03,1.010631103515625000e+03,9.467352628707885742e-01,1.851109985351562500e+03,1.019182373046875000e+03,9.521389007568359375e-01,1.902417724609375000e+03,1.013481506347656250e+03,8.880279660224914551e-01,1.812716154324133640e+03,7.195965482809561991e+02,1.101976258596341722e+02,2.964430756688684596e+02,0.000000000000000000e+00,3.000000000000000000e+00,1.000000000000000000e+00
2.238800000000000000e+04,1.020000000000000000e+02,3.120000000000000000e+03,3.560000000000000000e+02,1.842731567382812500e+03,7.239504394531250000e+02,3.876361846923828125e-01,1.845690673828125000e+03,7.091552734375000000e+02,3.459739089012145996e-01,1.839772583007812500e+03,7.150733642578125000e+02,1.561348140239715576e-01,1.860485839843750000e+03,7.121143188476562500e+02,5.518078804016113281e-01,1.904871459960937500e+03,7.150733642578125000e+02,4.874763190746307373e-01,1.872322021484375000e+03,7.535408325195312500e+02,6.284158825874328613e-01,1.872322021484375000e+03,7.535408325195312500e+02,5.519325733184814453e-01,1.836813598632812500e+03,8.275167846679687500e+02,8.929734826087951660e-01,1.836813598632812500e+03,8.275167846679687500e+02,7.746447324752807617e-01,1.860485839843750000e+03,8.452709960937500000e+02,6.552668213844299316e-01,1.863444824218750000e+03,8.452709960937500000e+02,6.360125541687011719e-01,1.881199096679687500e+03,8.748613891601562500e+02,6.446869969367980957e-01,1.913748535156250000e+03,8.748613891601562500e+02,3.922443985939025879e-01,1.863444824218750000e+03,9.429192504882812500e+02,7.495464086532592773e-01,1.913748535156250000e+03,9.429192504882812500e+02,7.593225836753845215e-01,1.854567749023437500e+03,1.008018066406250000e+03,9.236235618591308594e-01,1.916707519531250000e+03,9.991409912109375000e+02,7.209984064102172852e-01,1.873801513671875000e+03,6.810444335937500000e+02,5.523188114166259766e-01,1.893035278320312500e+03,7.269094848632812500e+02,7.362455129623413086e-01,1.901912353515625000e+03,8.689432983398437500e+02,7.668281197547912598e-01,1.860485839843750000e+03,1.005059082031250000e+03,8.502380251884460449e-01,1.901912353515625000e+03,1.005059082031250000e+03,7.581824064254760742e-01,1.845690673828125000e+03,1.005059082031250000e+03,8.178916573524475098e-01,1.913748535156250000e+03,1.002100036621093750e+03,6.014123558998107910e-01,1.854567749023437500e+03,1.022813293457031250e+03,8.790180683135986328e-01,1.913748535156250000e+03,1.010977111816406250e+03,7.073093652725219727e-01,1.818282162828412993e+03,7.157927070004773213e+02,1.093378133052315206e+02,2.993699099251280131e+02,0.000000000000000000e+00,3.000000000000000000e+00,1.000000000000000000e+00
2.238900000000000000e+04,1.020000000000000000e+02,3.115000000000000000e+03,3.570000000000000000e+02,1.852539184570312500e+03,7.272197875976562500e+02,4.499747157096862793e-01,1.855479492187500000e+03,7.154585571289062500e+02,4.516202807426452637e-01,1.864300415039062500e+03,7.213391723632812500e+02,1.767850667238235474e-01,1.870181030273437500e+03,7.154585571289062500e+02,6.074552536010742188e-01,1.899583984375000000e+03,7.154585571289062500e+02,5.709927678108215332e-01,1.881942138671875000e+03,7.566228637695312500e+02,6.595381498336791992e-01,1.876061523437500000e+03,7.566228637695312500e+02,7.104742527008056641e-01,1.843718261718750000e+03,8.271901855468750000e+02,9.079808592796325684e-01,1.843718261718750000e+03,8.271901855468750000e+02,8.236739635467529297e-01,1.867240722656250000e+03,8.448319702148437500e+02,5.470038652420043945e-01,1.867240722656250000e+03,8.448319702148437500e+02,6.429297327995300293e-01,1.881942138671875000e+03,8.771753540039062500e+02,5.856926441192626953e-01,1.884882446289062500e+03,8.771753540039062500e+02,4.711178541183471680e-01,1.864300415039062500e+03,9.389217529296875000e+02,6.912316083908081055e-01,1.911345214843750000e+03,9.477426757812500000e+02,4.527075290679931641e-01,1.855479492187500000e+03,1.009489074707031250e+03,8.930580615997314453e-01,1.855479492187500000e+03,1.009489074707031250e+03,4.305078089237213135e-01,1.881942138671875000e+03,6.948764038085937500e+02,5.975059270858764648e-01,1.890763061523437500e+03,7.301600952148437500e+02,7.134965658187866211e-01,1.896643676757812500e+03,8.712947387695312500e+02,6.729798913002014160e-01,1.855479492187500000e+03,1.003608459472656250e+03,5.838246345520019531e-01,1.852539184570312500e+03,1.006548767089843750e+03,4.681611061096191406e-01,1.843718261718750000e+03,1.006548767089843750e+03,5.802073478698730469e-01,1.858419799804687500e+03,1.009489074707031250e+03,4.276921451091766357e-01,1.855479492187500000e+03,1.024190551757812500e+03,8.083167672157287598e-01,1.855479492187500000e+03,1.024190551757812500e+03,6.747912764549255371e-01,1.821497590204283824e+03,7.146650869071017951e+02,1.074327187595224586e+02,2.992326467705823916e+02,0.000000000000000000e+00,3.000000000000000000e+00,1.000000000000000000e+00
2.239000000000000000e+04,1.020000000000000000e+02,3.120000000000000000e+03,3.580000000000000000e+02,1.864480957031250000e+03,7.313887939453125000e+02,3.925402164459228516e-01,1.864480957031250000e+03,7.254149780273437500e+02,3.789248168468475342e-01,1.882402465820312500e+03,7.224280395507812500e+02,2.412497997283935547e-01,1.879415527343750000e+03,7.224280395507812500e+02,6.084049344062805176e-01,1.903310791015625000e+03,7.194411621093750000e+02,5.541087985038757324e-01,1.885389404296875000e+03,7.612578125000000000e+02,7.207132577896118164e-01,1.879415527343750000e+03,7.612578125000000000e+02,7.646394371986389160e-01,1.846559570312500000e+03,8.329435424804687500e+02,9.353587031364440918e-01,1.846559570312500000e+03,8.329435424804687500e+02,8.840950131416320801e-01,1.873441772460937500e+03,8.478781127929687500e+02,7.390300035476684570e-01,1.873441772460937500e+03,8.508649902343750000e+02,7.225990295410156250e-01,1.888376220703125000e+03,8.807340698242187500e+02,6.318080425262451172e-01,1.888376220703125000e+03,8.807340698242187500e+02,5.089504718780517578e-01,1.867467895507812500e+03,9.434590454101562500e+02,6.835685968399047852e-01,1.867467895507812500e+03,9.434590454101562500e+02,5.217986106872558594e-01,1.858507202148437500e+03,1.009170959472656250e+03,8.992999792098999023e-01,1.858507202148437500e+03,1.012157897949218750e+03,5.825961828231811523e-01,1.885389404296875000e+03,6.985328369140625000e+02,6.013363003730773926e-01,1.894350097656250000e+03,7.343756713867187500e+02,7.513658404350280762e-01,1.900323852539062500e+03,8.777471313476562500e+02,7.222152352333068848e-01,1.864480957031250000e+03,1.006184082031250000e+03,8.026919960975646973e-01,1.858507202148437500e+03,1.009170959472656250e+03,8.009081482887268066e-01,1.855520263671875000e+03,1.006184082031250000e+03,7.505484819412231445e-01,1.867467895507812500e+03,1.012157897949218750e+03,6.506689786911010742e-01,1.852533447265625000e+03,1.024105468750000000e+03,8.471489548683166504e-01,1.855520263671875000e+03,1.024105468750000000e+03,8.377257585525512695e-01,1.822769220508816716e+03,7.148331047257235014e+02,1.067385498223436571e+02,3.025408768609712524e+02,0.000000000000000000e+00,3.000000000000000000e+00,1.000000000000000000e+00
2.239100000000000000e+04,1.020000000000000000e+02,3.120000000000000000e+03,3.590000000000000000e+02,1.870012817382812500e+03,7.274308471679687500e+02,3.182345926761627197e-01,1.870012817382812500e+03,7.214807128906250000e+02,3.295732140541076660e-01,1.887863159179687500e+03,7.214807128906250000e+02,2.614054381847381592e-01,1.881913085937500000e+03,7.214807128906250000e+02,5.460085868835449219e-01,1.902738525390625000e+03,7.185056152343750000e+02,5.772258639335632324e-01,1.890838256835937500e+03,7.601564941406250000e+02,7.401479482650756836e-01,1.884888061523437500e+03,7.571814575195312500e+02,7.709293961524963379e-01,1.852162353515625000e+03,8.345330810546875000e+02,9.122867584228515625e-01,1.852162353515625000e+03,8.345330810546875000e+02,8.490052819252014160e-01,1.875962890625000000e+03,8.494083862304687500e+02,7.384413480758666992e-01,1.875962890625000000e+03,8.494083862304687500e+02,7.659811377525329590e-01,1.893813232421875000e+03,8.791589965820312500e+02,6.794205904006958008e-01,1.890838256835937500e+03,8.791589965820312500e+02,6.162521839141845703e-01,1.870012817382812500e+03,9.446103515625000000e+02,7.021347284317016602e-01,1.870012817382812500e+03,9.416353149414062500e+02,6.484405398368835449e-01,1.858112548828125000e+03,1.007086669921875000e+03,9.414475560188293457e-01,1.858112548828125000e+03,1.010061706542968750e+03,7.273927927017211914e-01,1.887863159179687500e+03,7.006552734375000000e+02,5.705995559692382812e-01,1.896788330078125000e+03,7.333809814453125000e+02,7.394965887069702148e-01,1.899763427734375000e+03,8.761839599609375000e+02,7.316685914993286133e-01,1.864062622070312500e+03,1.010061706542968750e+03,7.245617508888244629e-01,1.861087646484375000e+03,1.010061706542968750e+03,7.489926218986511230e-01,1.858112548828125000e+03,1.007086669921875000e+03,6.576102375984191895e-01,1.867037719726562500e+03,1.013036804199218750e+03,7.087743878364562988e-01,1.855137451171875000e+03,1.024937011718750000e+03,8.560366034507751465e-01,1.858112548828125000e+03,1.024937011718750000e+03,8.356668949127197266e-01,1.825656931205985074e+03,7.162270281057840293e+02,1.047594315580415696e+02,3.030746538678938578e+02,0.000000000000000000e+00,3.000000000000000000e+00,1.000000000000000000e+00
